{
  "camera_angle_x": 1.0471975511965976,
  "frames": [
    {
      "file_path": "./render/0000",
      "transform_matrix": [
        [
          0.5547001962252291,
          0.28457796092359416,
          0.7818715217120149,
          3.0
        ],
        [
          0.0,
          0.9396926207859084,
          -0.3420201433256687,
          0.0
        ],
        [
          -0.8320502943378437,
          0.18971864061572943,
          0.5212476811413432,
          2.0
        ],
        [
          0.0,
          0.0,
          0.0,
          1.0
        ]
      ]
    },
    {
      "file_path": "./render/0001",
      "transform_matrix": [
        [
          0.5547586896174763,
          0.27318137525540204,
          0.7858846814307222,
          2.999543085469174
        ],
        [
          0.0,
          0.944560110449652,
          -0.3283385413675059,
          0.052357219311850535
        ],
        [
          -0.8320112957730205,
          0.1821486589599511,
          0.5240029291379876,
          2.0
        ],
        [
          0.0,
          0.0,
          0.0,
          1.0
        ]
      ]
    },
    {
      "file_path": "./render/0002",
      "transform_matrix": [
        [
          0.5549342095393422,
          0.26170477004253956,
          0.7896572904874157,
          2.998172481057287
        ],
        [
          0.0,
          0.9492279841518023,
          -0.31458899234255805,
          0.1046984901075029
        ],
        [
          -0.8318942379190671,
          0.17457619379539563,
          0.5267590810579036,
          2.0
        ],
        [
          0.0,
          0.0,
          0.0,
          1.0
        ]
      ]
    },
    {
      "file_path": "./render/0003",
      "transform_matrix": [
        [
          0.5552268752218461,
          0.2501548415338187,
          0.7931870348717095,
          2.9958886042637216
        ],
        [
          0.0,
          0.9536949036760974,
          -0.3007757149475991,
          0.1570078687288315
        ],
        [
          -0.831698934129042,
          0.16699876035297215,
          0.5295170412830791,
          2.0
        ],
        [
          0.0,
          0.0,
          0.0,
          1.0
        ]
      ]
    },
    {
      "file_path": "./render/0004",
      "transform_matrix": [
        [
          0.5556368853682627,
          0.23853832076098097,
          0.7964716700214688,
          2.9926921507794724
        ],
        [
          0.0,
          0.9579596479752912,
          -0.2869029676581553,
          0.2092694212323759
        ],
        [
          -0.8314250727625767,
          0.15941387135248883,
          0.5322777151094681,
          2.0
        ],
        [
          0.0,
          0.0,
          0.0,
          1.0
        ]
      ]
    },
    {
      "file_path": "./render/0005",
      "transform_matrix": [
        [
          0.5561645181294379,
          0.22686197775677625,
          0.799509019225008,
          2.988584094275237
        ],
        [
          0.0,
          0.9620211138149899,
          -0.27297504753029406,
          0.2614672282429745
        ],
        [
          -0.8310722163409447,
          0.1518190357710464,
          0.535042009195259,
          2.0
        ],
        [
          0.0,
          0.0,
          0.0,
          1.0
        ]
      ]
    },
    {
      "file_path": "./render/0006",
      "transform_matrix": [
        [
          0.5568101310651101,
          0.21513262581457238,
          0.8022969719831816,
          2.9835656861048196
        ],
        [
          0.0,
          0.9658783164914495,
          -0.258996289030641,
          0.31358538980296036
        ],
        [
          -0.8306398003606948,
          0.1442117576405283,
          0.5378108319985518,
          2.0
        ],
        [
          0.0,
          0.0,
          0.0,
          1.0
        ]
      ]
    },
    {
      "file_path": "./render/0007",
      "transform_matrix": [
        [
          0.5575741610870579,
          0.20335712580612542,
          0.8048334823253412,
          2.977638454923966
        ],
        [
          0.0,
          0.9695303906241977,
          -0.2449710628953775,
          0.3656080302154424
        ],
        [
          -0.8301271317623968,
          0.136589534884495,
          0.5405850942006944,
          2.0
        ],
        [
          0.0,
          0.0,
          0.0,
          1.0
        ]
      ]
    },
    {
      "file_path": "./render/0008",
      "transform_matrix": [
        [
          0.5584571243786154,
          0.19154239057422365,
          0.8071165670731083,
          2.9708042062247113
        ],
        [
          0.0,
          0.972976591024645,
          -0.23090377501907752,
          0.41751930288019634
        ],
        [
          -0.8295333870500738,
          0.12894985820532084,
          0.5433657091113314,
          2.0
        ],
        [
          0.0,
          0.0,
          0.0,
          1.0
        ]
      ]
    },
    {
      "file_path": "./render/0009",
      "transform_matrix": [
        [
          0.5594596162837511,
          0.179695389417019,
          0.8091443040458878,
          2.9630650217854133
        ],
        [
          0.0,
          0.9762162936421397,
          -0.21679886537434595,
          0.46930339512069263
        ],
        [
          -0.828857610055936,
          0.12129021003308421,
          0.5461535930509772,
          2.0
        ],
        [
          0.0,
          0.0,
          0.0,
          1.0
        ]
      ]
    },
    {
      "file_path": "./render/0010",
      "transform_matrix": [
        [
          0.5605823111574809,
          0.1678231526809642,
          0.8109148302020127,
          2.954423259036624
        ],
        [
          0.0,
          0.9792489965892087,
          -0.20266080696333016,
          0.520944533000791
        ],
        [
          -0.8280987093440837,
          0.1136080635485437,
          0.5489496657066226,
          2.0
        ],
        [
          0.0,
          0.0,
          0.0,
          1.0
        ]
      ]
    },
    {
      "file_path": "./render/0011",
      "transform_matrix": [
        [
          0.5618259621678688,
          0.15593277647938467,
          0.8124263397093786,
          2.944881550342992
        ],
        [
          0.0,
          0.9820743212480341,
          -0.18849410480228096,
          0.5724269861296344
        ],
        [
          -0.8272554552459285,
          0.1059008817935126,
          0.5517548504555334,
          2.0
        ],
        [
          0.0,
          0.0,
          0.0,
          1.0
        ]
      ]
    },
    {
      "file_path": "./render/0012",
      "transform_matrix": [
        [
          0.5631914010382266,
          0.14403142755382267,
          0.8136770819393943,
          2.934442802201417
        ],
        [
          0.0,
          0.9846920134605053,
          -0.17430329494044708,
          0.623735072453278
        ],
        [
          -0.8263264765191779,
          0.0981661168830896,
          0.5545700746519742,
          2.0
        ],
        [
          0.0,
          0.0,
          0.0,
          1.0
        ]
      ]
    },
    {
      "file_path": "./render/0013",
      "transform_matrix": [
        [
          0.5646795377163574,
          0.13212634829538575,
          0.8146653593780502,
          2.9231101943557056
        ],
        [
          0.0,
          0.9871019448044868,
          -0.1600929435146967,
          0.674853163031595
        ],
        [
          -0.8253102566213757,
          0.09040120933552986,
          0.5573962698711149,
          2.0
        ],
        [
          0.0,
          0.0,
          0.0,
          1.0
        ]
      ]
    },
    {
      "file_path": "./render/0014",
      "transform_matrix": [
        [
          0.5662913599557732,
          0.12022486194340337,
          0.8153895254478871,
          2.9108871788279895
        ],
        [
          0.0,
          0.9893041139592507,
          -0.145867645841366,
          0.7257656867990032
        ],
        [
          -0.8242051295881632,
          0.08260358753705425,
          0.5602343721038252,
          2.0
        ],
        [
          0.0,
          0.0,
          0.0,
          1.0
        ]
      ]
    },
    {
      "file_path": "./render/0015",
      "transform_matrix": [
        [
          0.568027932791719,
          0.10833437797873405,
          0.8158479822346361,
          2.897777478867205
        ],
        [
          0.0,
          0.9912986481633115,
          -0.13163202554694395,
          0.7764571353075622
        ],
        [
          -0.823009275505669,
          0.07477066736061734,
          0.5630853218954315,
          2.0
        ],
        [
          0.0,
          0.0,
          0.0,
          1.0
        ]
      ]
    },
    {
      "file_path": "./render/0016",
      "transform_matrix": [
        [
          0.5698903978925526,
          0.0964623977290546,
          0.8160391781123194,
          2.8837850878149567
        ],
        [
          0.0,
          0.9930858047682215,
          -0.11739073373931225,
          0.8269120674509975
        ],
        [
          -0.8217207155657378,
          0.06689985195959527,
          0.5659500644208074,
          2.0
        ],
        [
          0.0,
          0.0,
          0.0,
          1.0
        ]
      ]
    },
    {
      "file_path": "./render/0017",
      "transform_matrix": [
        [
          0.5718799727645292,
          0.0846165202033844,
          0.8159616052606347,
          2.868914267889106
        ],
        [
          0.0,
          0.9946659728921686,
          -0.10314844822136596,
          0.8771151141682103
        ],
        [
          -0.8203373066920956,
          0.05898853175953819,
          0.5688295494873773,
          2.0
        ],
        [
          0.0,
          0.0,
          0.0,
          1.0
        ]
      ]
    },
    {
      "file_path": "./render/0018",
      "transform_matrix": [
        [
          0.5739979497852957,
          0.0728044481729336,
          0.8156137970685096,
          2.8531695488854605
        ],
        [
          0.0,
          0.9960396751775332,
          -0.0889098727489491,
          0.9270509831248421
        ],
        [
          -0.8188567357250457,
          0.05103408467356829,
          0.5717247314567159,
          2.0
        ],
        [
          0.0,
          0.0,
          0.0,
          1.0
        ]
      ]
    },
    {
      "file_path": "./render/0019",
      "transform_matrix": [
        [
          0.5762456950383862,
          0.06103399451508831,
          0.8149943254178275,
          2.8365557267979504
        ],
        [
          0.0,
          0.9972075696568463,
          -0.07467973633514241,
          0.9767044633714699
        ],
        [
          -0.8172765131518998,
          0.043033876569727486,
          0.5746365690744492,
          2.0
        ],
        [
          0.0,
          0.0,
          0.0,
          1.0
        ]
      ]
    },
    {
      "file_path": "./render/0020",
      "transform_matrix": [
        [
          0.5786246469177058,
          0.04931308883693497,
          0.8141017978414745,
          2.8190778623577253
        ],
        [
          0.0,
          0.9981704517318877,
          -0.06046279260304854,
          1.0260604299770062
        ],
        [
          -0.8155939663701298,
          0.03498526202159746,
          0.5775660251970505,
          2.0
        ],
        [
          0.0,
          0.0,
          0.0,
          1.0
        ]
      ]
    },
    {
      "file_path": "./render/0021",
      "transform_matrix": [
        [
          0.581136314467358,
          0.03764978439413938,
          0.8129348545500867,
          2.8007412794916053
        ],
        [
          0.0,
          0.9989292562709425,
          -0.046263819189317046,
          1.0751038486359008
        ],
        [
          -0.8138062324701721,
          0.026885585376863974,
          0.5805140664029146,
          2.0
        ],
        [
          0.0,
          0.0,
          0.0,
          1.0
        ]
      ]
    },
    {
      "file_path": "./render/0022",
      "transform_matrix": [
        [
          0.5837822754181825,
          0.02605226532020763,
          0.8114921653221643,
          2.7815515637003623
        ],
        [
          0.0,
          0.9994850598294996,
          -0.03208761720074543,
          1.123819780247736
        ],
        [
          -0.8119102505250007,
          0.018732182182198825,
          0.5834816624737437,
          2.0
        ],
        [
          0.0,
          0.0,
          0.0,
          1.0
        ]
      ]
    },
    {
      "file_path": "./render/0023",
      "transform_matrix": [
        [
          0.5865641738779954,
          0.014528854180107936,
          0.8097724262526096,
          2.761514560357321
        ],
        [
          0.0,
          0.9998390829999387,
          -0.017939010726388094,
          1.1721933854678213
        ],
        [
          -0.8099027533740238,
          0.010522381006912385,
          0.5864697857307916,
          2.0
        ],
        [
          0.0,
          0.0,
          0.0,
          1.0
        ]
      ]
    },
    {
      "file_path": "./render/0024",
      "transform_matrix": [
        [
          0.5894837176277282,
          0.003088019860892688,
          0.8077743563552459,
          2.7406363729278027
        ],
        [
          0.0,
          0.9999926928959749,
          -0.0038228464076820456,
          1.2202099292274005
        ],
        [
          -0.807780258889627,
          0.002253505712320192,
          0.5894794102088823,
          2.0
        ],
        [
          0.0,
          0.0,
          0.0,
          1.0
        ]
      ]
    },
    {
      "file_path": "./render/0025",
      "transform_matrix": [
        [
          0.5925426749704087,
          -0.008261614189754685,
          0.8054966940154953,
          2.7189233611099497
        ],
        [
          0.0,
          0.9999474057778415,
          0.010256006930828787,
          1.2678547852220983
        ],
        [
          -0.805539060715812,
          -0.006077121781308342,
          0.5925115106493227,
          2.0
        ],
        [
          0.0,
          0.0,
          0.0,
          1.0
        ]
      ]
    },
    {
      "file_path": "./render/0026",
      "transform_matrix": [
        [
          0.5957428710741837,
          -0.01951126136825132,
          0.8029381932901862,
          2.6963821388975013
        ],
        [
          0.0,
          0.9997048898243672,
          0.024292658587524274,
          1.3151134403672322
        ],
        [
          -0.803175218469973,
          -0.014472178172956679,
          0.5955670612908689,
          2.0
        ],
        [
          0.0,
          0.0,
          0.0,
          1.0
        ]
      ]
    },
    {
      "file_path": "./render/0027",
      "transform_matrix": [
        [
          0.5990861837443204,
          -0.030651962956976586,
          0.8000976200524225,
          2.673019572565104
        ],
        [
          0.0,
          0.999266968058227,
          0.03828219622381107,
          1.3619714992186402
        ],
        [
          -0.8006845474009513,
          -0.022934334841074183,
          0.5986470344357611,
          2.0
        ],
        [
          0.0,
          0.0,
          0.0,
          1.0
        ]
      ]
    },
    {
      "file_path": "./render/0028",
      "transform_matrix": [
        [
          0.6025745385522951,
          -0.04167457880034592,
          0.796973747980636,
          2.648842778576781
        ],
        [
          0.0,
          0.9986356214307327,
          0.052219686035578916,
          1.4084146883576725
        ],
        [
          -0.7980626074992416,
          -0.03146625321623478,
          0.6017523987655082,
          2.0
        ],
        [
          0.0,
          0.0,
          0.0,
          1.0
        ]
      ]
    },
    {
      "file_path": "./render/0029",
      "transform_matrix": [
        [
          0.6062099032426687,
          -0.05256977761611595,
          0.7935653543923817,
          2.623859121418187
        ],
        [
          0.0,
          0.9978129920725447,
          0.06610017285329772,
          1.4544288607390112
        ],
        [
          -0.7953046920586564,
          -0.040070579389721306,
          0.6048841173785751,
          2.0
        ],
        [
          0.0,
          0.0,
          0.0,
          1.0
        ]
      ]
    },
    {
      "file_path": "./render/0030",
      "transform_matrix": [
        [
          0.6099942813304187,
          -0.0633280269476843,
          0.7898712159251655,
          2.598076211353316
        ],
        [
          0.0,
          0.9968013867166294,
          0.07991868016805981,
          1.4999999999999998
        ],
        [
          -0.7924058156930615,
          -0.048749937873991206,
          0.6080431455193751,
          2.0
        ],
        [
          0.0,
          0.0,
          0.0,
          1.0
        ]
      ]
    },
    {
      "file_path": "./render/0031",
      "transform_matrix": [
        [
          0.6139297047927349,
          -0.07393958276883683,
          0.7858901040686769,
          2.571501902106337
        ],
        [
          0.0,
          0.9956032802996351,
          0.09367021008093451,
          1.5451142247301624
        ],
        [
          -0.7893607018170498,
          -0.05750692442286148,
          0.6112304279650336,
          2.0
        ],
        [
          0.0,
          0.0,
          0.0,
          1.0
        ]
      ]
    },
    {
      "file_path": "./render/0032",
      "transform_matrix": [
        [
          0.6180182257499628,
          -0.08439447875917969,
          0.7816207805552732,
          2.544144288469278
        ],
        [
          0.0,
          0.9942213197476055,
          0.10734974317309537,
          1.5897577926996147
        ],
        [
          -0.7861637696058423,
          -0.06634409781055059,
          0.6144468960332017,
          2.0
        ],
        [
          0.0,
          0.0,
          0.0,
          1.0
        ]
      ]
    },
    {
      "file_path": "./render/0033",
      "transform_matrix": [
        [
          0.6222619070204135,
          -0.09468251527654048,
          0.777061992618495,
          2.516011703836272
        ],
        [
          0.0,
          0.9926583279515625,
          0.12095223829432972,
          1.6339171050450814
        ],
        [
          -0.7828091204574192,
          -0.07526397045941718,
          0.6176934641708343,
          2.0
        ],
        [
          0.0,
          0.0,
          0.0,
          1.0
        ]
      ]
    },
    {
      "file_path": "./render/0034",
      "transform_matrix": [
        [
          0.6266628114231346,
          -0.10479324806211962,
          0.7722124681328604,
          2.487112717665125
        ],
        [
          0.0,
          0.9909173079379465,
          0.13447263226773337,
          1.6775787104122406
        ],
        [
          -0.77929052398913,
          -0.08426899779636718,
          0.6209710260802376,
          2.0
        ],
        [
          0.0,
          0.0,
          0.0,
          1.0
        ]
      ]
    },
    {
      "file_path": "./render/0035",
      "transform_matrix": [
        [
          0.6312229896915053,
          -0.11471597672533476,
          0.767070910652249,
          2.4574561328669753
        ],
        [
          0.0,
          0.9890014472381911,
          0.14790583950866726,
          1.7207293090531381
        ],
        [
          -0.7756014036120086,
          -0.09336156620749289,
          0.6242804503349164,
          2.0
        ],
        [
          0.0,
          0.0,
          0.0,
          1.0
        ]
      ]
    },
    {
      "file_path": "./render/0036",
      "transform_matrix": [
        [
          0.6359444668487133,
          -0.12443973306836009,
          0.7616359943689512,
          2.4270509831248424
        ],
        [
          0.0,
          0.9869141224607705,
          0.16124675155638823,
          1.7633557568774194
        ],
        [
          -0.7717348217389868,
          -0.1025439794496143,
          0.6276225754337803,
          2.0
        ],
        [
          0.0,
          0.0,
          0.0,
          1.0
        ]
      ]
    },
    {
      "file_path": "./render/0037",
      "transform_matrix": [
        [
          0.6408292268838874,
          -0.13395326932557666,
          0.7559063590210026,
          2.3959065301418785
        ],
        [
          0.0,
          0.9846589040678861,
          0.17449023651720325,
          1.8054450694561448
        ],
        [
          -0.7676834646984387,
          -0.11181844336610605,
          0.6309982042381594,
          2.0
        ],
        [
          0.0,
          0.0,
          0.0,
          1.0
        ]
      ]
    },
    {
      "file_path": "./render/0038",
      "transform_matrix": [
        [
          0.645879195554997,
          -0.14324504641081642,
          0.74988060478185,
          2.3640322608201663
        ],
        [
          0.0,
          0.9822395613574963,
          0.18763113841853024,
          1.8469844259769745
        ],
        [
          -0.7634396274422949,
          -0.12118704874282857,
          0.6344080977318727,
          2.0
        ],
        [
          0.0,
          0.0,
          0.0,
          1.0
        ]
      ]
    },
    {
      "file_path": "./render/0039",
      "transform_matrix": [
        [
          0.651096221131771,
          -0.1523032222856826,
          0.7435572871738438,
          2.3314378843709127
        ],
        [
          0.0,
          0.9796600676495917,
          0.20066427647390989,
          1.8879611731495123
        ],
        [
          -0.758995198158676,
          -0.13065175212830374,
          0.6378529680403442,
          2.0
        ],
        [
          0.0,
          0.0,
          0.0,
          1.0
        ]
      ]
    },
    {
      "file_path": "./render/0040",
      "transform_matrix": [
        [
          0.6564820528790279,
          -0.16111564058573205,
          0.7369349120555942,
          2.298133329356934
        ],
        [
          0.0,
          0.9769246056734524,
          0.2135844442598045,
          1.9283628290596178
        ],
        [
          -0.7543416429229777,
          -0.14021435443070276,
          0.6413334706405429,
          2.0
        ],
        [
          0.0,
          0.0,
          0.0,
          1.0
        ]
      ]
    },
    {
      "file_path": "./render/0041",
      "transform_matrix": [
        [
          0.6620383170682467,
          -0.16966981966823058,
          0.7300119307430488,
          2.2641287406683164
        ],
        [
          0.0,
          0.9740375731499944,
          0.2263864088059826,
          1.9681770869715214
        ],
        [
          -0.7494699905489504,
          -0.14987647709303684,
          0.6448501956894614,
          2.0
        ],
        [
          0.0,
          0.0,
          0.0,
          1.0
        ]
      ]
    },
    {
      "file_path": "./render/0042",
      "transform_matrix": [
        [
          0.6677664902932996,
          -0.17795294227593,
          0.7227867353353327,
          2.229434476432183
        ],
        [
          0.0,
          0.971003588560199,
          0.23906490960242593,
          2.0073918190765747
        ],
        [
          -0.7443708178329995,
          -0.15963953563749694,
          0.6484036583950431,
          2.0
        ],
        [
          0.0,
          0.0,
          0.0,
          1.0
        ]
      ]
    },
    {
      "file_path": "./render/0043",
      "transform_matrix": [
        [
          0.6736678698554762,
          -0.18595184604622758,
          0.7152576543291134,
          2.1940611048575116
        ],
        [
          0.0,
          0.9678274970869294,
          0.2516146575270409,
          2.0459950801874953
        ],
        [
          -0.7390342354210563,
          -0.1695047103606568,
          0.6519942883501088,
          2.0
        ],
        [
          0.0,
          0.0,
          0.0,
          1.0
        ]
      ]
    },
    {
      "file_path": "./render/0044",
      "transform_matrix": [
        [
          0.6797435409738135,
          -0.1936530151345497,
          0.7074229486196214,
          2.1580194010159537
        ],
        [
          0.0,
          0.9645143767130904,
          0.2640303337000483,
          2.0839751113769918
        ],
        [
          -0.7334498745683863,
          -0.17947291395376852,
          0.6556224177471067,
          2.0
        ],
        [
          0.0,
          0.0,
          0.0,
          1.0
        ]
      ]
    },
    {
      "file_path": "./render/0045",
      "transform_matrix": [
        [
          0.6859943405700353,
          -0.20104257326517896,
          0.6992808080026204,
          2.121320343559643
        ],
        [
          0.0,
          0.9610695444540224,
          0.27630658827276994,
          2.1213203435596424
        ],
        [
          -0.727606875108999,
          -0.18954475581733507,
          0.6592882683896812,
          2.0
        ],
        [
          0.0,
          0.0,
          0.0,
          1.0
        ]
      ]
    },
    {
      "file_path": "./render/0046",
      "transform_matrix": [
        [
          0.6924208173739137,
          -0.2081062785723876,
          0.6908293483096917,
          2.083975111376992
        ],
        [
          0.0,
          0.9574985626961225,
          0.2884380391606831,
          2.1580194010159532
        ],
        [
          -0.7214938750032749,
          -0.1997205028373691,
          0.6629919374163966,
          2.0
        ],
        [
          0.0,
          0.0,
          0.0,
          1.0
        ]
      ]
    },
    {
      "file_path": "./render/0047",
      "transform_matrix": [
        [
          0.699023188095662,
          -0.21482952064986383,
          0.6820666093292697,
          2.0459950801874953
        ],
        [
          0.0,
          0.9538072456068863,
          0.30041927073309554,
          2.1940611048575116
        ],
        [
          -0.7150990018903514,
          -0.2100000363932222,
          0.6667333816528678,
          2.0
        ],
        [
          0.0,
          0.0,
          0.0,
          1.0
        ]
      ]
    },
    {
      "file_path": "./render/0048",
      "transform_matrix": [
        [
          0.705801289418238,
          -0.22119732028724587,
          0.6729905536880099,
          2.0073918190765747
        ],
        [
          0.0,
          0.9500016655737403,
          0.3122448324746457,
          2.2294344764321825
        ],
        [
          -0.7084098671359345,
          -0.22038280537478663,
          0.6705124005114197,
          2.0
        ],
        [
          0.0,
          0.0,
          0.0,
          1.0
        ]
      ]
    },
    {
      "file_path": "./render/0049",
      "transform_matrix": [
        [
          0.7127545255756421,
          -0.22719433243911372,
          0.663599066891287,
          1.9681770869715218
        ],
        [
          0.0,
          0.9460881596201067,
          0.3239092376370881,
          2.264128740668316
        ],
        [
          -0.7014135629366182,
          -0.23086777500159064,
          0.6743286173627616,
          2.0
        ],
        [
          0.0,
          0.0,
          0.0,
          1.0
        ]
      ]
    },
    {
      "file_path": "./render/0050",
      "transform_matrix": [
        [
          0.7198818113050804,
          -0.23280485304391427,
          0.6538899587478906,
          1.9283628290596182
        ],
        [
          0.0,
          0.9420733357370086,
          0.33540696190351427,
          2.298133329356934
        ],
        [
          -0.6940966631184137,
          -0.24145337125943606,
          0.6781814593125769,
          2.0
        ],
        [
          0.0,
          0.0,
          0.0,
          1.0
        ]
      ]
    },
    {
      "file_path": "./render/0051",
      "transform_matrix": [
        [
          0.7271815099931784,
          -0.23801283038763293,
          0.6438609664321242,
          1.8879611731495125
        ],
        [
          0.0,
          0.9379640790570681,
          0.34673244209134246,
          2.3314378843709123
        ],
        [
          -0.6864452283496776,
          -0.2521374208036047,
          0.6820701353280798,
          2.0
        ],
        [
          0.0,
          0.0,
          0.0,
          1.0
        ]
      ]
    },
    {
      "file_path": "./render/0052",
      "transform_matrix": [
        [
          0.7346513668814045,
          -0.24280188178886292,
          0.6335097594663172,
          1.846984425976975
        ],
        [
          0.0,
          0.9337675577849254,
          0.3578800749250732,
          2.3640322608201663
        ],
        [
          -0.6784448165763255,
          -0.2629170862233245,
          0.6859936126762063,
          2.0
        ],
        [
          0.0,
          0.0,
          0.0,
          1.0
        ]
      ]
    },
    {
      "file_path": "./render/0053",
      "transform_matrix": [
        [
          0.7422884372559633,
          -0.24715531646718142,
          0.6228339469377913,
          1.805445069456145
        ],
        [
          0.0,
          0.929491228783806,
          0.36884421591502664,
          2.3959065301418785
        ],
        [
          -0.670080499579043,
          -0.27378879662246614,
          0.6899505916570563,
          2.0
        ],
        [
          0.0,
          0.0,
          0.0,
          1.0
        ]
      ]
    },
    {
      "file_path": "./render/0054",
      "transform_matrix": [
        [
          0.7500890096252559,
          -0.251056165543831,
          0.6118310872960211,
          1.7633557568774194
        ],
        [
          0.0,
          0.92514284270216,
          0.379619178384031,
          2.4270509831248424
        ],
        [
          -0.6613368866465885,
          -0.2847481735488311,
          0.693939478644357,
          2.0
        ],
        [
          0.0,
          0.0,
          0.0,
          1.0
        ]
      ]
    },
    {
      "file_path": "./render/0055",
      "transform_matrix": [
        [
          0.758048523986449,
          -0.2544872202103963,
          0.6004987011072975,
          1.7207293090531386
        ],
        [
          0.0,
          0.9207304485069827,
          0.39019923269034057,
          2.4574561328669753
        ],
        [
          -0.6521981564539769,
          -0.2957899524015575,
          0.6979583574800994,
          2.0
        ],
        [
          0.0,
          0.0,
          0.0,
          1.0
        ]
      ]
    },
    {
      "file_path": "./render/0056",
      "transform_matrix": [
        [
          0.7661614854046854,
          -0.2574310791845611,
          0.5888342871745482,
          1.6775787104122404
        ],
        [
          0.0,
          0.9162623972716052,
          0.40057860570191645,
          2.4871127176651253
        ],
        [
          -0.6426480983263593,
          -0.306907899565918,
          0.702004959314071,
          2.0
        ],
        [
          0.0,
          0.0,
          0.0,
          1.0
        ]
      ]
    },
    {
      "file_path": "./render/0057",
      "transform_matrix": [
        [
          0.7744213732769932,
          -0.2598702066483024,
          0.5768353424577457,
          1.6339171050450816
        ],
        [
          0.0,
          0.9117473450455376,
          0.4107514805845669,
          2.5160117038362717
        ],
        [
          -0.6326701641548906,
          -0.31809472566985864,
          0.7060766310318175,
          2.0
        ],
        [
          0.0,
          0.0,
          0.0,
          1.0
        ]
      ]
    },
    {
      "file_path": "./render/0058",
      "transform_matrix": [
        [
          0.7828205468308355,
          -0.2617870019282745,
          0.5644993862537651,
          1.5897577926996147
        ],
        [
          0.0,
          0.9071942546125028,
          0.4207119969742551,
          2.544144288469278
        ],
        [
          -0.6222475323048471,
          -0.32934199552967913,
          0.7101703024775516,
          2.0
        ],
        [
          0.0,
          0.0,
          0.0,
          1.0
        ]
      ]
    },
    {
      "file_path": "./render/0059",
      "transform_matrix": [
        [
          0.7913501476169953,
          -0.2631638822247362,
          0.5518239891115329,
          1.5451142247301632
        ],
        [
          0.0,
          0.9026123959203738,
          0.4304542516120414,
          2.571501902106337
        ],
        [
          -0.611363184912667,
          -0.3406400355555522,
          0.7142824527525176,
          2.0
        ],
        [
          0.0,
          0.0,
          0.0,
          1.0
        ]
      ]
    },
    {
      "file_path": "./render/0060",
      "transform_matrix": [
        [
          0.7999999999999999,
          -0.2639833797171237,
          0.5388068069662122,
          1.5000000000000004
        ],
        [
          0.0,
          0.8980113449436868,
          0.43997229952853933,
          2.598076211353316
        ],
        [
          -0.6000000000000001,
          -0.35197783962283147,
          0.7184090759549493,
          2.0
        ],
        [
          0.0,
          0.0,
          0.0,
          1.0
        ]
      ]
    },
    {
      "file_path": "./render/0061",
      "transform_matrix": [
        [
          0.8087585109275074,
          -0.2642282543628862,
          0.5254456209720115,
          1.4544288607390112
        ],
        [
          0.0,
          0.8934009807162875,
          0.4492601558731598,
          2.623859121418187
        ],
        [
          -0.5881408598306369,
          -0.36334297468303667,
          0.7225456468252793,
          2.0
        ],
        [
          0.0,
          0.0,
          0.0,
          1.0
        ]
      ]
    },
    {
      "file_path": "./render/0062",
      "transform_matrix": [
        [
          0.8176125705726294,
          -0.26388162365188905,
          0.5117383834934213,
          1.4084146883576727
        ],
        [
          0.0,
          0.8887914802490686,
          0.4583117984916707,
          2.6488427785767805
        ],
        [
          -0.5757687768901827,
          -0.37472148768853974,
          0.7266870868694933,
          2.0
        ],
        [
          0.0,
          0.0,
          0.0,
          1.0
        ]
      ]
    },
    {
      "file_path": "./render/0063",
      "transform_matrix": [
        [
          0.8265474557878042,
          -0.2629271104707841,
          0.49768327067542867,
          1.3619714992186405
        ],
        [
          0.0,
          0.8841933110266031,
          0.4671211713632908,
          2.6730195725651034
        ],
        [
          -0.5628670387673343,
          -0.38609781573494695,
          0.7308277316536334,
          2.0
        ],
        [
          0.0,
          0.0,
          0.0,
          1.0
        ]
      ]
    },
    {
      "file_path": "./render/0064",
      "transform_matrix": [
        [
          0.835546738680988,
          -0.2613490100585447,
          0.4832787419502159,
          1.3151134403672324
        ],
        [
          0.0,
          0.8796172207577195,
          0.4756821890153816,
          2.6963821388975013
        ],
        [
          -0.5494193730471876,
          -0.3974547016804355,
          0.7349613000917472,
          2.0
        ],
        [
          0.0,
          0.0,
          0.0,
          1.0
        ]
      ]
    },
    {
      "file_path": "./render/0065",
      "transform_matrix": [
        [
          0.8445922030170367,
          -0.25913247678360296,
          0.4685236067465802,
          1.2678547852220983
        ],
        [
          0.0,
          0.8750742240400202,
          0.48398874203927195,
          2.7189233611099497
        ],
        [
          -0.535410133078212,
          -0.40877311787439297,
          0.7390808666853844,
          2.0
        ],
        [
          0.0,
          0.0,
          0.0,
          1.0
        ]
      ]
    },
    {
      "file_path": "./render/0066",
      "transform_matrix": [
        [
          0.8536637715480635,
          -0.2562637311324741,
          0.4534170985443742,
          1.2202099292274007
        ],
        [
          0.0,
          0.8705755855884154,
          0.49203470383438186,
          2.7406363729278027
        ],
        [
          -0.5208245051323293,
          -0.4200322010077928,
          0.7431788378110706,
          2.0
        ],
        [
          0.0,
          0.0,
          0.0,
          1.0
        ]
      ]
    },
    {
      "file_path": "./render/0067",
      "transform_matrix": [
        [
          0.8627394477710414,
          -0.25273028685800747,
          0.43795895625547815,
          1.1721933854678217
        ],
        [
          0.0,
          0.8661327996746573,
          0.4998139387089362,
          2.7615145603573206
        ],
        [
          -0.5056487370296879,
          -0.43120920147001673,
          0.7472469332876998,
          2.0
        ],
        [
          0.0,
          0.0,
          0.0,
          1.0
        ]
      ]
    },
    {
      "file_path": "./render/0068",
      "transform_matrix": [
        [
          0.8717952759790919,
          -0.24852119768295705,
          0.4221495127117498,
          1.1238197802477359
        ],
        [
          0.0,
          0.861757565430397,
          0.5073203114635517,
          2.7815515637003623
        ],
        [
          -0.4898703877359186,
          -0.44227945094216603,
          0.7512761745814632,
          2.0
        ],
        [
          0.0,
          0.0,
          0.0,
          1.0
        ]
      ]
    },
    {
      "file_path": "./render/0069",
      "transform_matrix": [
        [
          0.8808053237900807,
          -0.24362732228515727,
          0.40598978979675737,
          1.075103848635901
        ],
        [
          0.0,
          0.8574617576825256,
          0.5145476985780751,
          2.8007412794916053
        ],
        [
          -0.47347859675285336,
          -0.4532163522515025,
          0.7552568811131686,
          2.0
        ],
        [
          0.0,
          0.0,
          0.0,
          1.0
        ]
      ]
    },
    {
      "file_path": "./render/0070",
      "transform_matrix": [
        [
          0.889741691572831,
          -0.23804160550279194,
          0.38948159947136174,
          1.0260604299770064
        ],
        [
          0.0,
          0.8532573930184763,
          0.5214900011115398,
          2.819077862357725
        ],
        [
          -0.45646437131184403,
          -0.4639913957272992,
          0.759178676211283,
          2.0
        ],
        [
          0.0,
          0.0,
          0.0,
          1.0
        ]
      ]
    },
    {
      "file_path": "./render/0071",
      "transform_matrix": [
        [
          0.8985745533136472,
          -0.231759372797232,
          0.372627649615287,
          0.9767044633714703
        ],
        [
          0.0,
          0.849156590822863,
          0.5281411594091991,
          2.8365557267979504
        ],
        [
