{
  "camera_angle_x": 1.0471975511965976,
  "frames": [
    {
      "file_path": "./render/0000",
      "transform_matrix": [
        [
          0.0,
          -0.8574929257125442,
          0.5144957554275265,
          3.0
        ],
        [
          1.0,
          0.0,
          -0.0,
          0.0
        ],
        [
          -0.0,
          0.5144957554275266,
          0.8574929257125441,
          5.0
        ],
        [
          0.0,
          0.0,
          0.0,
          1.0
        ]
      ]
    },
    {
      "file_path": "./render/0001",
      "transform_matrix": [
        [
          -0.06975647374412532,
          -0.8554041160429523,
          0.5132424696257712,
          2.9926921507794724
        ],
        [
          0.9975640502598242,
          -0.0598156827582403,
          0.03588940965494417,
          0.2092694212323759
        ],
        [
          0.0,
          0.5144957554275265,
          0.8574929257125443,
          5.0
        ],
        [
          0.0,
          0.0,
          0.0,
          1.0
        ]
      ]
    },
    {
      "file_path": "./render/0002",
      "transform_matrix": [
        [
          -0.13917310096006544,
          -0.8491478635049199,
          0.509488718102952,
          2.9708042062247113
        ],
        [
          0.9902680687415704,
          -0.11933994952273379,
          0.07160396971364029,
          0.41751930288019634
        ],
        [
          0.0,
          0.5144957554275266,
          0.8574929257125441,
          5.0
        ],
        [
          0.0,
          0.0,
          0.0,
          1.0
        ]
      ]
    },
    {
      "file_path": "./render/0003",
      "transform_matrix": [
        [
          -0.20791169081775934,
          -0.8387546479319365,
          0.5032527887591619,
          2.934442802201417
        ],
        [
          0.9781476007338057,
          -0.17828280404916239,
          0.1069696824294974,
          0.623735072453278
        ],
        [
          0.0,
          0.5144957554275266,
          0.8574929257125441,
          5.0
        ],
        [
          0.0,
          0.0,
          0.0,
          1.0
        ]
      ]
    },
    {
      "file_path": "./render/0004",
      "transform_matrix": [
        [
          -0.27563735581699916,
          -0.8242751040255512,
          0.49456506241533066,
          2.8837850878149567
        ],
        [
          0.9612616959383188,
          -0.2363570826751882,
          0.1418142496051129,
          0.8269120674509975
        ],
        [
          0.0,
          0.5144957554275266,
          0.8574929257125441,
          5.0
        ],
        [
          0.0,
          0.0,
          0.0,
          1.0
        ]
      ]
    },
    {
      "file_path": "./render/0005",
      "transform_matrix": [
        [
          -0.34202014332566866,
          -0.805779774668197,
          0.48346786480091813,
          2.8190778623577253
        ],
        [
          0.9396926207859083,
          -0.2932798533529513,
          0.1759679120117708,
          1.0260604299770062
        ],
        [
          0.0,
          0.5144957554275266,
          0.8574929257125441,
          5.0
        ],
        [
          0.0,
          0.0,
          0.0,
          1.0
        ]
      ]
    },
    {
      "file_path": "./render/0006",
      "transform_matrix": [
        [
          -0.40673664307580015,
          -0.783358767245359,
          0.47001526034721536,
          2.7406363729278027
        ],
        [
          0.913545457642601,
          -0.34877379406556674,
          0.20926427643934,
          1.2202099292274005
        ],
        [
          0.0,
          0.5144957554275267,
          0.8574929257125441,
          5.0
        ],
        [
          0.0,
          0.0,
          0.0,
          1.0
        ]
      ]
    },
    {
      "file_path": "./render/0007",
      "transform_matrix": [
        [
          -0.46947156278589075,
          -0.7571213146514496,
          0.45427278879086974,
          2.648842778576781
        ],
        [
          0.8829475928589269,
          -0.4025685439121139,
          0.24154112634726832,
          1.4084146883576725
        ],
        [
          0.0,
          0.5144957554275266,
          0.8574929257125441,
          5.0
        ],
        [
          0.0,
          0.0,
          0.0,
          1.0
        ]
      ]
    },
    {
      "file_path": "./render/0008",
      "transform_matrix": [
        [
          -0.5299192642332049,
          -0.7271952431181268,
          0.436317145870876,
          2.544144288469278
        ],
        [
          0.8480480961564261,
          -0.45440202027876964,
          0.2726412121672618,
          1.5897577926996147
        ],
        [
          0.0,
          0.5144957554275267,
          0.8574929257125441,
          5.0
        ],
        [
          0.0,
          0.0,
          0.0,
          1.0
        ]
      ]
    },
    {
      "file_path": "./render/0009",
      "transform_matrix": [
        [
          -0.5877852522924731,
          -0.6937263494577426,
          0.4162358096746455,
          2.4270509831248424
        ],
        [
          0.8090169943749475,
          -0.5040216956789587,
          0.3024130174073752,
          1.7633557568774194
        ],
        [
          0.0,
          0.5144957554275266,
          0.8574929257125441,
          5.0
        ],
        [
          0.0,
          0.0,
          0.0,
          1.0
        ]
      ]
    },
    {
      "file_path": "./render/0010",
      "transform_matrix": [
        [
          -0.6427876096865394,
          -0.6568776907559292,
          0.39412661445355746,
          2.298133329356934
        ],
        [
          0.7660444431189781,
          -0.5511858280418835,
          0.33071149682513007,
          1.9283628290596178
        ],
        [
          0.0,
          0.5144957554275265,
          0.8574929257125441,
          5.0
        ],
        [
          0.0,
          0.0,
          0.0,
          1.0
        ]
      ]
    },
    {
      "file_path": "./render/0011",
      "transform_matrix": [
        [
          -0.6946583704589971,
          -0.6168287899738675,
          0.37009727398432046,
          2.1580194010159537
        ],
        [
          0.7193398003386512,
          -0.5956646384555939,
          0.3573987830733563,
          2.0839751113769918
        ],
        [
          0.0,
          0.5144957554275266,
          0.8574929257125441,
          5.0
        ],
        [
          0.0,
          0.0,
          0.0,
          1.0
        ]
      ]
    },
    {
      "file_path": "./render/0012",
      "transform_matrix": [
        [
          -0.7431448254773942,
          -0.5737747613304661,
          0.3442648567982796,
          2.0073918190765747
        ],
        [
          0.6691306063588582,
          -0.6372414306267489,
          0.38234485837604926,
          2.2294344764321825
        ],
        [
          0.0,
          0.5144957554275266,
          0.8574929257125441,
          5.0
        ],
        [
          0.0,
          0.0,
          0.0,
          1.0
        ]
      ]
    },
    {
      "file_path": "./render/0013",
      "transform_matrix": [
        [
          -0.788010753606722,
          -0.5279253597254999,
          0.31675521583530003,
          1.846984425976975
        ],
        [
          0.6156614753256582,
          -0.6757136466031748,
          0.40542818796190494,
          2.3640322608201663
        ],
        [
          0.0,
          0.5144957554275266,
          0.8574929257125441,
          5.0
        ],
        [
          0.0,
          0.0,
          0.0,
          1.0
        ]
      ]
    },
    {
      "file_path": "./render/0014",
      "transform_matrix": [
        [
          -0.8290375725550416,
          -0.47950395883482294,
          0.28770237530089376,
          1.6775787104122404
        ],
        [
          0.5591929034707467,
          -0.7108938536158483,
          0.426536312169509,
          2.4871127176651253
        ],
        [
          0.0,
          0.5144957554275266,
          0.8574929257125441,
          5.0
        ],
        [
          0.0,
          0.0,
          0.0,
          1.0
        ]
      ]
    },
    {
      "file_path": "./render/0015",
      "transform_matrix": [
        [
          -0.8660254037844386,
          -0.42874646285627216,
          0.25724787771376334,
          1.5000000000000004
        ],
        [
          0.5000000000000001,
          -0.7426106572325056,
          0.44556639433950346,
          2.598076211353316
        ],
        [
          0.0,
          0.5144957554275266,
          0.8574929257125441,
          5.0
        ],
        [
          0.0,
          0.0,
          0.0,
          1.0
        ]
      ]
    },
    {
      "file_path": "./render/0016",
      "transform_matrix": [
        [
          -0.8987940462991669,
          -0.3759001572081292,
          0.2255400943248775,
          1.3151134403672324
        ],
        [
          0.4383711467890774,
          -0.7707095363740886,
          0.4624257218244532,
          2.6963821388975013
        ],
        [
          0.0,
          0.5144957554275266,
          0.8574929257125441,
          5.0
        ],
        [
          0.0,
          0.0,
          0.0,
          1.0
        ]
      ]
    },
    {
      "file_path": "./render/0017",
      "transform_matrix": [
        [
          -0.9271838545667874,
          -0.3212225037794199,
          0.1927335022676519,
          1.1238197802477359
        ],
        [
          0.374606593415912,
          -0.7950535961259086,
          0.47703215767554513,
          2.7815515637003623
        ],
        [
          0.0,
          0.5144957554275266,
          0.8574929257125441,
          5.0
        ],
        [
          0.0,
          0.0,
          0.0,
          1.0
        ]
      ]
    },
    {
      "file_path": "./render/0018",
      "transform_matrix": [
        [
          -0.9510565162951535,
          -0.26497988660147054,
          0.1589879319608823,
          0.9270509831248424
        ],
        [
          0.30901699437494745,
          -0.8155242346759112,
          0.48931454080554665,
          2.8531695488854605
        ],
        [
          0.0,
          0.5144957554275266,
          0.8574929257125441,
          5.0
        ],
        [
          0.0,
          0.0,
          0.0,
          1.0
        ]
      ]
    },
    {
      "file_path": "./render/0019",
      "transform_matrix": [
        [
          -0.9702957262759964,
          -0.20744631405168384,
          0.12446778843101032,
          0.7257656867990037
        ],
        [
          0.24192189559966784,
          -0.8320217211307821,
          0.4992130326784693,
          2.9108871788279895
        ],
        [
          0.0,
          0.5144957554275266,
          0.8574929257125441,
          5.0
        ],
        [
          0.0,
          0.0,
          0.0,
          1.0
        ]
      ]
    },
    {
      "file_path": "./render/0020",
      "transform_matrix": [
        [
          -0.984807753012208,
          -0.14890208391226784,
          0.08934125034736069,
          0.5209445330007912
        ],
        [
          0.17364817766693041,
          -0.8444656813948349,
          0.5066794088369009,
          2.954423259036624
        ],
        [
          0.0,
          0.5144957554275266,
          0.8574929257125441,
          5.0
        ],
        [
          0.0,
          0.0,
          0.0,
          1.0
        ]
      ]
    },
    {
      "file_path": "./render/0021",
      "transform_matrix": [
        [
          -0.9945218953682732,
          -0.08963241778761637,
          0.05377945067256982,
          0.31358538980296036
        ],
        [
          0.10452846326765344,
          -0.8527954897445255,
          0.5116772938467152,
          2.9835656861048196
        ],
        [
          0.0,
          0.5144957554275266,
          0.8574929257125441,
          5.0
        ],
        [
          0.0,
          0.0,
          0.0,
          1.0
        ]
      ]
    },
    {
      "file_path": "./render/0022",
      "transform_matrix": [
        [
          -0.9993908270190955,
          -0.02992607153332294,
          0.017955642919993763,
          0.10469849010750323
        ],
        [
          0.03489949670250107,
          -0.8569705641908836,
          0.5141823385145301,
          2.998172481057287
        ],
        [
          0.0,
          0.5144957554275267,
          0.8574929257125441,
          5.0
        ],
        [
          0.0,
          0.0,
          0.0,
          1.0
        ]
      ]
    },
    {
      "file_path": "./render/0023",
      "transform_matrix": [
        [
          -0.9993908270190955,
          0.02992607153332265,
          -0.017955642919993586,
          -0.1046984901075022
        ],
        [
          -0.03489949670250073,
          -0.8569705641908836,
          0.5141823385145301,
          2.998172481057287
        ],
        [
          0.0,
          0.5144957554275266,
          0.8574929257125441,
          5.0
        ],
        [
          0.0,
          0.0,
          0.0,
          1.0
        ]
      ]
    },
    {
      "file_path": "./render/0024",
      "transform_matrix": [
        [
          -0.9945218953682732,
          0.08963241778761626,
          -0.053779450672569756,
          -0.31358538980296
        ],
        [
          -0.10452846326765332,
          -0.8527954897445255,
          0.5116772938467152,
          2.98356568610482
        ],
        [
          0.0,
          0.5144957554275266,
          0.8574929257125441,
          5.0
        ],
        [
          0.0,
          0.0,
          0.0,
          1.0
        ]
      ]
    },
    {
      "file_path": "./render/0025",
      "transform_matrix": [
        [
          -0.984807753012208,
          0.14890208391226775,
          -0.08934125034736064,
          -0.5209445330007909
        ],
        [
          -0.1736481776669303,
          -0.8444656813948349,
          0.5066794088369009,
          2.954423259036624
        ],
        [
          0.0,
          0.5144957554275266,
          0.8574929257125441,
          5.0
        ],
        [
          0.0,
          0.0,
          0.0,
          1.0
        ]
      ]
    },
    {
      "file_path": "./render/0026",
      "transform_matrix": [
        [
          -0.9702957262759964,
          0.2074463140516838,
          -0.12446778843101027,
          -0.7257656867990033
        ],
        [
          -0.24192189559966773,
          -0.8320217211307822,
          0.4992130326784693,
          2.9108871788279895
        ],
        [
          0.0,
          0.5144957554275266,
          0.8574929257125441,
          5.0
        ],
        [
          0.0,
          0.0,
          0.0,
          1.0
        ]
      ]
    },
    {
      "file_path": "./render/0027",
      "transform_matrix": [
        [
          -0.9510565162951536,
          0.26497988660147037,
          -0.15898793196088223,
          -0.927050983124842
        ],
        [
          -0.30901699437494734,
          -0.8155242346759112,
          0.4893145408055467,
          2.853169548885461
        ],
        [
          0.0,
          0.5144957554275266,
          0.8574929257125441,
          5.0
        ],
        [
          0.0,
          0.0,
          0.0,
          1.0
        ]
      ]
    },
    {
      "file_path": "./render/0028",
      "transform_matrix": [
        [
          -0.9271838545667874,
          0.32122250377941997,
          -0.19273350226765196,
          -1.1238197802477363
        ],
        [
          -0.3746065934159121,
          -0.7950535961259085,
          0.47703215767554513,
          2.7815515637003623
        ],
        [
          0.0,
          0.5144957554275266,
          0.8574929257125441,
          5.0
        ],
        [
          0.0,
          0.0,
          0.0,
          1.0
        ]
      ]
    },
    {
      "file_path": "./render/0029",
      "transform_matrix": [
        [
          -0.8987940462991668,
          0.3759001572081293,
          -0.22554009432487757,
          -1.3151134403672327
        ],
        [
          -0.4383711467890775,
          -0.7707095363740886,
          0.46242572182445313,
          2.696382138897501
        ],
        [
          0.0,
          0.5144957554275266,
          0.8574929257125441,
          5.0
        ],
        [
          0.0,
          0.0,
          0.0,
          1.0
        ]
      ]
    },
    {
      "file_path": "./render/0030",
      "transform_matrix": [
        [
          -0.8660254037844388,
          0.42874646285627194,
          -0.2572478777137631,
          -1.4999999999999993
        ],
        [
          -0.4999999999999998,
          -0.742610657232506,
          0.44556639433950346,
          2.598076211353316
        ],
        [
          0.0,
          0.5144957554275266,
          0.8574929257125441,
          5.0
        ],
        [
          0.0,
          0.0,
          0.0,
          1.0
        ]
      ]
    },
    {
      "file_path": "./render/0031",
      "transform_matrix": [
        [
          -0.8290375725550417,
          0.4795039588348229,
          -0.2877023753008937,
          -1.6775787104122402
        ],
        [
          -0.5591929034707467,
          -0.7108938536158484,
          0.426536312169509,
          2.4871127176651253
        ],
        [
          0.0,
          0.5144957554275266,
          0.8574929257125441,
          5.0
        ],
        [
          0.0,
          0.0,
          0.0,
          1.0
        ]
      ]
    },
    {
      "file_path": "./render/0032",
      "transform_matrix": [
        [
          -0.788010753606722,
          0.5279253597254999,
          -0.31675521583530003,
          -1.846984425976975
        ],
        [
          -0.6156614753256582,
          -0.6757136466031748,
          0.40542818796190494,
          2.3640322608201663
        ],
        [
          0.0,
          0.5144957554275266,
          0.8574929257125441,
          5.0
        ],
        [
          0.0,
          0.0,
          0.0,
          1.0
        ]
      ]
    },
    {
      "file_path": "./render/0033",
      "transform_matrix": [
        [
          -0.7431448254773941,
          0.573774761330466,
          -0.3442648567982796,
          -2.0073918190765747
        ],
        [
          -0.6691306063588581,
          -0.6372414306267488,
          0.3823448583760493,
          2.229434476432183
        ],
        [
          0.0,
          0.5144957554275266,
          0.8574929257125441,
          5.0
        ],
        [
          0.0,
          0.0,
          0.0,
          1.0
        ]
      ]
    },
    {
      "file_path": "./render/0034",
      "transform_matrix": [
        [
          -0.6946583704589971,
          0.6168287899738675,
          -0.37009727398432046,
          -2.1580194010159537
        ],
        [
          -0.7193398003386513,
          -0.5956646384555938,
          0.35739878307335626,
          2.0839751113769913
        ],
        [
          0.0,
          0.5144957554275265,
          0.8574929257125441,
          5.0
        ],
        [
          0.0,
          0.0,
          0.0,
          1.0
        ]
      ]
    },
    {
      "file_path": "./render/0035",
      "transform_matrix": [
        [
          -0.6427876096865394,
          0.656877690755929,
          -0.3941266144535574,
          -2.2981333293569337
        ],
        [
          -0.7660444431189778,
          -0.5511858280418837,
          0.3307114968251302,
          1.9283628290596184
        ],
        [
          0.0,
          0.5144957554275266,
          0.8574929257125441,
          5.0
        ],
        [
          0.0,
          0.0,
          0.0,
          1.0
        ]
      ]
    },
    {
      "file_path": "./render/0036",
      "transform_matrix": [
        [
          -0.5877852522924732,
          0.6937263494577426,
          -0.41623580967464546,
          -2.427050983124842
        ],
        [
          -0.8090169943749473,
          -0.5040216956789588,
          0.30241301740737525,
          1.7633557568774196
        ],
        [
          0.0,
          0.5144957554275266,
          0.8574929257125441,
          5.0
        ],
        [
          0.0,
          0.0,
          0.0,
          1.0
        ]
      ]
    },
    {
      "file_path": "./render/0037",
      "transform_matrix": [
        [
          -0.5299192642332049,
          0.7271952431181268,
          -0.436317145870876,
          -2.544144288469278
        ],
        [
          -0.8480480961564261,
          -0.45440202027876964,
          0.2726412121672618,
          1.5897577926996147
        ],
        [
          0.0,
          0.5144957554275267,
          0.8574929257125441,
          5.0
        ],
        [
          0.0,
          0.0,
          0.0,
          1.0
        ]
      ]
    },
    {
      "file_path": "./render/0038",
      "transform_matrix": [
        [
          -0.4694715627858911,
          0.7571213146514494,
          -0.4542727887908696,
          -2.64884277857678
        ],
        [
          -0.8829475928589268,
          -0.40256854391211416,
          0.24154112634726846,
          1.4084146883576731
        ],
        [
          0.0,
          0.5144957554275266,
          0.8574929257125441,
          5.0
        ],
        [
          0.0,
          0.0,
          0.0,
          1.0
        ]
      ]
    },
    {
      "file_path": "./render/0039",
      "transform_matrix": [
        [
          -0.40673664307580043,
          0.7833587672453589,
          -0.4700152603472153,
          -2.7406363729278023
        ],
        [
          -0.9135454576426006,
          -0.34877379406556697,
          0.20926427643934017,
          1.2202099292274013
        ],
        [
          0.0,
          0.5144957554275266,
          0.8574929257125441,
          5.0
        ],
        [
          0.0,
          0.0,
          0.0,
          1.0
        ]
      ]
    },
    {
      "file_path": "./render/0040",
      "transform_matrix": [
        [
          -0.3420201433256689,
          0.8057797746681968,
          -0.4834678648009181,
          -2.819077862357725
        ],
        [
          -0.9396926207859084,
          -0.2932798533529515,
          0.1759679120117709,
          1.0260604299770066
        ],
        [
          0.0,
          0.5144957554275266,
          0.8574929257125441,
          5.0
        ],
        [
          0.0,
          0.0,
          0.0,
          1.0
        ]
      ]
    },
    {
      "file_path": "./render/0041",
      "transform_matrix": [
        [
          -0.2756373558169997,
          0.8242751040255512,
          -0.49456506241533055,
          -2.883785087814956
        ],
        [
          -0.9612616959383188,
          -0.23635708267518868,
          0.14181424960511319,
          0.826912067450999
        ],
        [
          0.0,
          0.5144957554275265,
          0.8574929257125443,
          5.0
        ],
        [
          0.0,
          0.0,
          0.0,
          1.0
        ]
      ]
    },
    {
      "file_path": "./render/0042",
      "transform_matrix": [
        [
          -0.20791169081775934,
          0.8387546479319365,
          -0.5032527887591619,
          -2.934442802201417
        ],
        [
          -0.9781476007338057,
          -0.17828280404916239,
          0.1069696824294974,
          0.623735072453278
        ],
        [
          0.0,
          0.5144957554275266,
          0.8574929257125441,
          5.0
        ],
        [
          0.0,
          0.0,
          0.0,
          1.0
        ]
      ]
    },
    {
      "file_path": "./render/0043",
      "transform_matrix": [
        [
          -0.13917310096006574,
          0.84914786350492,
          -0.5094887181029519,
          -2.970804206224711
        ],
        [
          -0.9902680687415701,
          -0.11933994952273409,
          0.07160396971364044,
          0.41751930288019723
        ],
        [
          0.0,
          0.5144957554275266,
          0.8574929257125441,
          5.0
        ],
        [
          0.0,
          0.0,
          0.0,
          1.0
        ]
      ]
    },
    {
      "file_path": "./render/0044",
      "transform_matrix": [
        [
          -0.06975647374412554,
          0.8554041160429523,
          -0.5132424696257712,
          -2.9926921507794724
        ],
        [
          -0.9975640502598242,
          -0.059815682758240486,
          0.03588940965494428,
          0.20926942123237657
        ],
        [
          0.0,
          0.5144957554275265,
          0.8574929257125443,
          5.0
        ],
        [
          0.0,
          0.0,
          0.0,
          1.0
        ]
      ]
    },
    {
      "file_path": "./render/0045",
      "transform_matrix": [
        [
          -1.2246467991473532e-16,
          0.8574929257125442,
          -0.5144957554275265,
          -3.0
        ],
        [
          -1.0,
          -1.0501259667653664e-16,
          6.300755800592197e-17,
          3.6739403974420594e-16
        ],
        [
          0.0,
          0.5144957554275266,
          0.8574929257125441,
          5.0
        ],
        [
          0.0,
          0.0,
          0.0,
          1.0
        ]
      ]
    },
    {
      "file_path": "./render/0046",
      "transform_matrix": [
        [
          0.06975647374412483,
          0.8554041160429523,
          -0.5132424696257714,
          -2.992692150779473
        ],
        [
          -0.9975640502598242,
          0.05981568275823988,
          -0.03588940965494393,
          -0.2092694212323745
        ],
        [
          0.0,
          0.5144957554275266,
          0.8574929257125443,
          5.0
        ],
        [
          0.0,
          0.0,
          0.0,
          1.0
        ]
      ]
    },
    {
      "file_path": "./render/0047",
      "transform_matrix": [
        [
          0.13917310096006552,
          0.84914786350492,
          -0.5094887181029519,
          -2.970804206224711
        ],
        [
          -0.9902680687415704,
          0.11933994952273387,
          -0.07160396971364032,
          -0.41751930288019656
        ],
        [
          0.0,
          0.5144957554275266,
          0.8574929257125441,
          5.0
        ],
        [
          0.0,
          0.0,
          0.0,
          1.0
        ]
      ]
    },
    {
      "file_path": "./render/0048",
      "transform_matrix": [
        [
          0.20791169081775907,
          0.8387546479319367,
          -0.503252788759162,
          -2.934442802201417
        ],
        [
          -0.9781476007338057,
          0.17828280404916216,
          -0.1069696824294973,
          -0.6237350724532772
        ],
        [
          0.0,
          0.5144957554275266,
          0.8574929257125443,
          5.0
        ],
        [
          0.0,
          0.0,
          0.0,
          1.0
        ]
      ]
    },
    {
      "file_path": "./render/0049",
      "transform_matrix": [
        [
          0.27563735581699905,
          0.8242751040255512,
          -0.49456506241533066,
          -2.8837850878149567
        ],
        [
          -0.961261695938319,
          0.23635708267518804,
          -0.14181424960511282,
          -0.826912067450997
        ],
        [
          0.0,
          0.5144957554275266,
          0.8574929257125441,
          5.0
        ],
        [
          0.0,
          0.0,
          0.0,
          1.0
        ]
      ]
    },
    {
      "file_path": "./render/0050",
      "transform_matrix": [
        [
          0.3420201433256686,
          0.805779774668197,
          -0.48346786480091813,
          -2.8190778623577253
        ],
        [
          -0.9396926207859083,
          0.2932798533529513,
          -0.17596791201177078,
          -1.026060429977006
        ],
        [
          0.0,
          0.5144957554275266,
          0.8574929257125441,
          5.0
        ],
        [
          0.0,
          0.0,
          0.0,
          1.0
        ]
      ]
    },
    {
      "file_path": "./render/0051",
      "transform_matrix": [
        [
          0.4067366430757999,
          0.7833587672453591,
          -0.4700152603472154,
          -2.740636372927803
        ],
        [
          -0.9135454576426011,
          0.34877379406556647,
          -0.20926427643933987,
          -1.2202099292273996
        ],
        [
          0.0,
          0.5144957554275266,
          0.8574929257125441,
          5.0
        ],
        [
          0.0,
          0.0,
          0.0,
          1.0
        ]
      ]
    },
    {
      "file_path": "./render/0052",
      "transform_matrix": [
        [
          0.4694715627858909,
          0.7571213146514495,
          -0.45427278879086963,
          -2.6488427785767805
        ],
        [
          -0.8829475928589269,
          0.402568543912114,
          -0.24154112634726838,
          -1.4084146883576727
        ],
        [
          0.0,
          0.5144957554275266,
          0.8574929257125441,
          5.0
        ],
        [
          0.0,
          0.0,
          0.0,
          1.0
        ]
      ]
    },
    {
      "file_path": "./render/0053",
      "transform_matrix": [
        [
          0.5299192642332048,
          0.7271952431181268,
          -0.436317145870876,
          -2.544144288469278
        ],
        [
          -0.8480480961564261,
          0.4544020202787696,
          -0.2726412121672617,
          -1.5897577926996145
        ],
        [
          0.0,
          0.5144957554275266,
          0.8574929257125441,
          5.0
        ],
        [
          0.0,
          0.0,
          0.0,
          1.0
        ]
      ]
    },
    {
      "file_path": "./render/0054",
      "transform_matrix": [
        [
          0.587785252292473,
          0.6937263494577426,
          -0.41623580967464563,
          -2.427050983124843
        ],
        [
          -0.8090169943749475,
          0.5040216956789587,
          -0.3024130174073752,
          -1.7633557568774192
        ],
        [
          0.0,
          0.5144957554275266,
          0.8574929257125441,
          5.0
        ],
        [
          0.0,
          0.0,
          0.0,
          1.0
        ]
      ]
    },
    {
      "file_path": "./render/0055",
      "transform_matrix": [
        [
          0.6427876096865394,
          0.6568776907559292,
          -0.39412661445355746,
          -2.298133329356934
        ],
        [
          -0.7660444431189781,
          0.5511858280418835,
          -0.33071149682513007,
          -1.9283628290596178
        ],
        [
          0.0,
          0.5144957554275265,
          0.8574929257125441,
          5.0
        ],
        [
          0.0,
          0.0,
          0.0,
          1.0
        ]
      ]
    },
    {
      "file_path": "./render/0056",
      "transform_matrix": [
        [
          0.6946583704589974,
          0.6168287899738673,
          -0.37009727398432035,
          -2.1580194010159532
        ],
        [
          -0.719339800338651,
          0.595664638455594,
          -0.35739878307335643,
          -2.083975111376992
        ],
        [
          0.0,
          0.5144957554275266,
          0.8574929257125441,
          5.0
        ],
        [
          0.0,
          0.0,
          0.0,
          1.0
        ]
      ]
    },
    {
      "file_path": "./render/0057",
      "transform_matrix": [
        [
          0.7431448254773939,
          0.5737747613304663,
          -0.3442648567982798,
          -2.0073918190765756
        ],
        [
          -0.6691306063588585,
          0.6372414306267487,
          -0.38234485837604915,
          -2.229434476432182
        ],
        [
          0.0,
          0.5144957554275266,
          0.8574929257125441,
          5.0
        ],
        [
          0.0,
          0.0,
          0.0,
          1.0
        ]
      ]
    },
    {
      "file_path": "./render/0058",
      "transform_matrix": [
        [
          0.7880107536067221,
          0.5279253597254999,
          -0.31675521583529986,
          -1.846984425976974
        ],
        [
          -0.6156614753256581,
          0.675713646603175,
          -0.40542818796190494,
          -2.3640322608201663
        ],
        [
          0.0,
          0.5144957554275266,
          0.8574929257125441,
          5.0
        ],
        [
          0.0,
          0.0,
          0.0,
          1.0
        ]
      ]
    },
    {
      "file_path": "./render/0059",
      "transform_matrix": [
        [
          0.8290375725550414,
          0.47950395883482333,
          -0.287702375300894,
          -1.6775787104122417
        ],
        [
          -0.5591929034707471,
          0.7108938536158481,
          -0.4265363121695089,
          -2.4871127176651244
        ],
        [
          0.0,
          0.5144957554275266,
          0.8574929257125441,
          5.0
        ],
        [
          0.0,
          0.0,
          0.0,
          1.0
        ]
      ]
    },
    {
      "file_path": "./render/0060",
      "transform_matrix": [
        [
          0.8660254037844385,
          0.42874646285627244,
          -0.25724787771376345,
          -1.5000000000000013
        ],
        [
          -0.5000000000000004,
          0.7426106572325055,
          -0.4455663943395033,
          -2.598076211353315
        ],
        [
          0.0,
          0.5144957554275265,
          0.8574929257125441,
          5.0
        ],
        [
          0.0,
          0.0,
          0.0,
          1.0
        ]
      ]
    },
    {
      "file_path": "./render/0061",
      "transform_matrix": [
        [
          0.8987940462991669,
          0.3759001572081294,
          -0.22554009432487762,
          -1.315113440367233
        ],
        [
          -0.4383711467890777,
          0.7707095363740886,
          -0.4624257218244531,
          -2.6963821388975004
        ],
        [
          0.0,
          0.5144957554275266,
          0.8574929257125441,
          5.0
        ],
        [
          0.0,
          0.0,
          0.0,
          1.0
        ]
      ]
    },
    {
      "file_path": "./render/0062",
      "transform_matrix": [
        [
          0.9271838545667873,
          0.32122250377942013,
          -0.19273350226765204,
          -1.1238197802477368
        ],
        [
          -0.3746065934159123,
          0.7950535961259085,
          -0.4770321576755451,
          -2.781551563700362
        ],
        [
          0.0,
          0.5144957554275266,
          0.8574929257125441,
          5.0
        ],
        [
          0.0,
          0.0,
          0.0,
          1.0
        ]
      ]
    },
    {
      "file_path": "./render/0063",
      "transform_matrix": [
        [
          0.9510565162951535,
          0.26497988660147065,
          -0.15898793196088234,
          -0.9270509831248427
        ],
        [
          -0.30901699437494756,
          0.8155242346759112,
          -0.48931454080554665,
          -2.8531695488854605
        ],
        [
          0.0,
          0.5144957554275266,
          0.8574929257125441,
          5.0
        ],
        [
          0.0,
          0.0,
          0.0,
          1.0
        ]
      ]
    },
    {
      "file_path": "./render/0064",
      "transform_matrix": [
        [
          0.9702957262759964,
          0.2074463140516838,
          -0.12446778843101027,
          -0.7257656867990033
        ],
        [
          -0.24192189559966773,
          0.8320217211307822,
          -0.4992130326784693,
          -2.9108871788279895
        ],
        [
          0.0,
          0.5144957554275266,
          0.8574929257125441,
          5.0
        ],
        [
          0.0,
          0.0,
          0.0,
          1.0
        ]
      ]
    },
    {
      "file_path": "./render/0065",
      "transform_matrix": [
        [
          0.984807753012208,
          0.1489020839122678,
          -0.08934125034736067,
          -0.520944533000791
        ],
        [
          -0.17364817766693036,
          0.8444656813948349,
          -0.5066794088369009,
          -2.954423259036624
        ],
        [
          0.0,
          0.5144957554275266,
          0.8574929257125441,
          5.0
        ],
        [
          0.0,
          0.0,
          0.0,
          1.0
        ]
      ]
    },
    {
      "file_path": "./render/0066",
      "transform_matrix": [
        [
          0.9945218953682732,
          0.08963241778761628,
          -0.05377945067256977,
          -0.3135853898029601
        ],
        [
          -0.10452846326765335,
          0.8527954897445255,
          -0.5116772938467152,
          -2.98356568610482
        ],
        [
          0.0,
          0.5144957554275266,
          0.8574929257125441,
          5.0
        ],
        [
          0.0,
          0.0,
          0.0,
          1.0
        ]
      ]
    },
    {
      "file_path": "./render/0067",
      "transform_matrix": [
        [
          0.9993908270190955,
          0.02992607153332344,
          -0.017955642919994057,
          -0.10469849010750495
        ],
        [
          -0.034899496702501656,
          0.8569705641908836,
          -0.51418233851453,
          -2.9981724810572867
        ],
        [
          0.0,
          0.5144957554275266,
          0.8574929257125441,
          5.0
        ],
        [
          0.0,
          0.0,
          0.0,
          1.0
        ]
      ]
    },
    {
      "file_path": "./render/0068",
      "transform_matrix": [
        [
          0.9993908270190955,
          -0.029926071533323113,
          0.017955642919993867,
          0.10469849010750384
        ],
        [
          0.034899496702501275,
          0.8569705641908836,
          -0.5141823385145301,
          -2.998172481057287
        ],
        [
          -0.0,
          0.5144957554275267,
          0.8574929257125441,
          5.0
        ],
        [
          0.0,
          0.0,
          0.0,
          1.0
        ]
      ]
    },
    {
      "file_path": "./render/0069",
      "transform_matrix": [
        [
          0.9945218953682734,
          -0.08963241778761596,
          0.053779450672569576,
          0.31358538980295897
        ],
        [
          0.10452846326765299,
          0.8527954897445256,
          -0.5116772938467152,
          -2.98356568610482
        ],
        [
          -0.0,
          0.5144957554275266,
          0.8574929257125441,
          5.0
        ],
        [
          0.0,
          0.0,
          0.0,
          1.0
        ]
      ]
    },
    {
      "file_path": "./render/0070",
      "transform_matrix": [
        [
          0.984807753012208,
          -0.14890208391226745,
          0.08934125034736047,
          0.5209445330007899
        ],
        [
          0.17364817766692994,
          0.8444656813948349,
          -0.506679408836901,
          -2.9544232590366244
        ],
        [
          -0.0,
          0.5144957554275266,
          0.8574929257125441,
          5.0
        ],
        [
          0.0,
          0.0,
          0.0,
          1.0
        ]
      ]
    },
    {
      "file_path": "./render/0071",
      "transform_matrix": [
        [
          0.9702957262759966,
          -0.2074463140516835,
          0.1244677884310101,
          0.7257656867990023
        ],
        [
          0.24192189559966745,
          0.8320217211307823,
          -0.4992130326784693,
