{
  "camera_angle_x": 1.0471975511965976,
  "frames": [
    {
      "file_path": "./render/0000",
      "transform_matrix": [
        [
          -0.0,
          -0.9148605084543355,
          0.40377004602951294,
          0.1
        ],
        [
          0.0,
          0.40377004602951294,
          0.9148605084543355,
          1.5
        ],
        [
          -1.0,
          0.0,
          -0.0,
          0.0
        ],
        [
          0.0,
          0.0,
          0.0,
          1.0
        ]
      ]
    },
    {
      "file_path": "./render/0001",
      "transform_matrix": [
        [
          0.25325196230374214,
          -0.8841565622844519,
          0.3925947235491636,
          0.1
        ],
        [
          0.0,
          0.4058244574801298,
          0.9139510433885167,
          1.499771542734587
        ],
        [
          -0.9674003533125797,
          -0.23145989518769444,
          0.10277584020769444,
          0.026178609655925267
        ],
        [
          0.0,
          0.0,
          0.0,
          1.0
        ]
      ]
    },
    {
      "file_path": "./render/0002",
      "transform_matrix": [
        [
          0.46378655084516834,
          -0.8074170697589836,
          0.36466383247719936,
          0.1
        ],
        [
          0.0,
          0.41160909676663066,
          0.9113604947873035,
          1.4990862405286436
        ],
        [
          -0.8859469709046598,
          -0.42267674045394954,
          0.19089876328589073,
          0.05234924505375145
        ],
        [
          0.0,
          0.0,
          0.0,
          1.0
        ]
      ]
    },
    {
      "file_path": "./render/0003",
      "transform_matrix": [
        [
          0.6174932485798146,
          -0.7137411911802559,
          0.33056860100580754,
          0.1
        ],
        [
          0.0,
          0.42026266385878297,
          0.9074024979943132,
          1.4979443021318608
        ],
        [
          -0.7865761806451727,
          -0.5603149162559472,
          0.2595093575629665,
          0.07850393436441575
        ],
        [
          0.0,
          0.0,
          0.0,
          1.0
        ]
      ]
    },
    {
      "file_path": "./render/0004",
      "transform_matrix": [
        [
          0.7229364357763536,
          -0.6234804476967797,
          0.2977163770550851,
          0.1
        ],
        [
          0.0,
          0.4309018804039874,
          0.9023987862715175,
          1.4963460753897362
        ],
        [
          -0.6909145459656948,
          -0.6523769621960384,
          0.31151466958858726,
          0.10463471061618795
        ],
        [
          0.0,
          0.0,
          0.0,
          1.0
        ]
      ]
    },
    {
      "file_path": "./render/0005",
      "transform_matrix": [
        [
          0.7942779789457445,
          -0.5447314798720708,
          0.2690540967877042,
          0.1
        ],
        [
          0.0,
          0.44284766038631035,
          0.8965968713364838,
          1.4942920471376184
        ],
        [
          -0.6075545178515781,
          -0.7121471508942199,
          0.35174414467248993,
          0.13073361412148726
        ],
        [
          0.0,
          0.0,
          0.0,
          1.0
        ]
      ]
    },
    {
      "file_path": "./render/0006",
      "transform_matrix": [
        [
          0.8431183324692677,
          -0.47866714980475,
          0.2450086470964617,
          0.1
        ],
        [
          0.0,
          0.45563670688918656,
          0.8901658223809638,
          1.4917828430524098
        ],
        [
          -0.5377280701751038,
          -0.7505151237869727,
          0.38415566052419947,
          0.15679269490148018
        ],
        [
          0.0,
          0.0,
          0.0,
          1.0
        ]
      ]
    },
    {
      "file_path": "./render/0007",
      "transform_matrix": [
        [
          0.8773124337029106,
          -0.42387322330330157,
          0.22506528883136445,
          0.1
        ],
        [
          0.0,
          0.4689644974721151,
          0.8832170175617805,
          1.488819227461983
        ],
        [
          -0.4799196741854578,
          -0.7748572711649522,
          0.41142838459752384,
          0.1828040151077212
        ],
        [
          0.0,
          0.0,
          0.0,
          1.0
        ]
      ]
    },
    {
      "file_path": "./render/0008",
      "transform_matrix": [
        [
          0.9018676496982235,
          -0.37836690542310886,
          0.20850234365191844,
          0.1
        ],
        [
          0.0,
          0.48263042365232545,
          0.8758241114317286,
          1.4854021031123557
        ],
        [
          -0.4320124331865953,
          -0.789877432925968,
          0.4352687658521806,
          0.20875965144009817
        ],
        [
          0.0,
          0.0,
          0.0,
          1.0
        ]
      ]
    },
    {
      "file_path": "./render/0009",
      "transform_matrix": [
        [
          0.9199451503936884,
          -0.3403113433787324,
          0.19465125181949475,
          0.1
        ],
        [
          0.0,
          0.4964996734005747,
          0.8680369083818514,
          1.4815325108927067
        ],
        [
          -0.3920470893491416,
          -0.7985463442286148,
          0.45675246671690894,
          0.23465169756034632
        ],
        [
          0.0,
          0.0,
          0.0,
          1.0
        ]
      ]
    },
    {
      "file_path": "./render/0010",
      "transform_matrix": [
        [
          0.9335635600952966,
          -0.3081948391929742,
          0.1829618002671929,
          0.1
        ],
        [
          0.0,
          0.5104791664503667,
          0.8598901212481389,
          1.477211629518312
        ],
        [
          -0.3584118849343522,
          -0.8027620828831888,
          0.4765647479858839,
          0.2604722665003955
        ],
        [
          0.0,
          0.0,
          0.0,
          1.0
        ]
      ]
    },
    {
      "file_path": "./render/0011",
      "transform_matrix": [
        [
          0.9440379092705133,
          -0.2808260871232936,
          0.17300038916481758,
          0.1
        ],
        [
          0.0,
          0.5245027259837157,
          0.8514087681223698,
          1.472440775171496
        ],
        [
          -0.32983696860745915,
          -0.8037621533928253,
          0.495150456844352,
          0.2862134930648172
        ],
        [
          0.0,
          0.0,
          0.0,
          1.0
        ]
      ]
    },
    {
      "file_path": "./render/0012",
      "transform_matrix": [
        [
          0.9522446019307983,
          -0.25727982881778455,
          0.164430252013269,
          0.1
        ],
        [
          0.0,
          0.5385219036424655,
          0.8426115114910876,
          1.4672214011007085
        ],
        [
          -0.30533623776691765,
          -0.8023722633421387,
          0.5128045757650354,
          0.311867536226639
        ],
        [
          0.0,
          0.0,
          0.0,
          1.0
        ]
      ]
    },
    {
      "file_path": "./render/0013",
      "transform_matrix": [
        [
          0.9587812744998677,
          -0.2368386095713036,
          0.1569902566554405,
          0.1
        ],
        [
          0.0,
          0.552500210876201,
          0.8335127575398911,
          1.4615550971778528
        ],
        [
          -0.2841451524633307,
          -0.7991564239859961,
          0.5297268563453297,
          0.3374265815157975
        ],
        [
          0.0,
          0.0,
          0.0,
          1.0
        ]
      ]
    },
    {
      "file_path": "./render/0014",
      "transform_matrix": [
        [
          0.9640645099898962,
          -0.21894358413217205,
          0.15047700005416015,
          0.1
        ],
        [
          0.0,
          0.5664094163828609,
          0.8241240034320243,
          1.4554435894139948
        ],
        [
          -0.2656682528604824,
          -0.794508703539606,
          0.5460552164588058,
          0.3628828433995016
        ],
        [
          0.0,
          0.0,
          0.0,
          1.0
        ]
      ]
    },
    {
      "file_path": "./render/0015",
      "transform_matrix": [
        [
          0.9683906959777101,
          -0.20315619195919749,
          0.1447308592265102,
          0.1
        ],
        [
          0.0,
          0.5802271170736484,
          0.814454721032669,
          1.4488887394336025
        ],
        [
          -0.24943828884877753,
          -0.7887103741431583,
          0.5618865417280906,
          0.3882285676537811
        ],
        [
          0.0,
          0.0,
          0.0,
          1.0
        ]
      ]
    },
    {
      "file_path": "./render/0016",
      "transform_matrix": [
        [
          0.9719747220188419,
          -0.1891292389827624,
          0.1396254658656361,
          0.1
        ],
        [
          0.0,
          0.5939351097935428,
          0.8045129491527978,
          1.4418925439074783
        ],
        [
          -0.2350853882239276,
          -0.7819662501133495,
          0.5772899132388092,
          0.4134560337254988
        ],
        [
          0.0,
          0.0,
          0.0,
          1.0
        ]
      ]
    },
    {
      "file_path": "./render/0017",
      "transform_matrix": [
        [
          0.9749751069125808,
          -0.17658532407661653,
          0.13505985421863087,
          0.1
        ],
        [
          0.0,
          0.6075182771981174,
          0.7943056986263108,
          1.434457133944553
        ],
        [
          -0.22231405916136188,
          -0.7744282834394596,
          0.5923151972625813,
          0.43855755708410515
        ],
        [
          0.0,
          0.0,
          0.0,
          1.0
        ]
      ]
    },
    {
      "file_path": "./render/0018",
      "transform_matrix": [
        [
          0.977510649263534,
          -0.16530076838501098,
          0.1309526118399672,
          0.1
        ],
        [
          0.0,
          0.6209638106780278,
          0.783839234682867,
          1.4265847744427302
        ],
        [
          -0.21088606064978346,
          -0.7662111992130811,
          0.6069987377450372,
          0.46352549156242107
        ],
        [
          0.0,
          0.0,
          0.0,
          1.0
        ]
      ]
    },
    {
      "file_path": "./render/0019",
      "transform_matrix": [
        [
          0.9796716756774851,
          -0.155093600215052,
          0.12723750644995271,
          0.1
        ],
        [
          0.0,
          0.6342606586639576,
          0.7731192772600893,
          1.4182778633989752
        ],
        [
          -0.2006075967536327,
          -0.7574030578519579,
          0.6213672022896248,
          0.48835223168573494
        ],
        [
          0.0,
          0.0,
          0.0,
          1.0
        ]
      ]
    },
    {
      "file_path": "./render/0020",
      "transform_matrix": [
        [
          0.9815277780665854,
          -0.14581451509788615,
          0.12386019566608181,
          0.1
        ],
        [
          0.0,
          0.6473991284918813,
          0.7621511453956837,
          1.4095389311788626
        ],
        [
          -0.19131968242622538,
          -0.7480725202911286,
          0.6354402281108801,
          0.5130302149885031
        ],
        [
          0.0,
          0.0,
          0.0,
          1.0
        ]
      ]
    },
    {
      "file_path": "./render/0021",
      "transform_matrix": [
        [
          0.983133226412399,
          -0.13734002182756821,
          0.12077573236519684,
          0.1
        ],
        [
          0.0,
          0.660370594743664,
          0.7509398628371645,
          1.4003706397458027
        ],
        [
          -0.18289083936585387,
          -0.738273930192786,
          0.6492322734382132,
          0.5375519243179504
        ],
        [
          0.0,
          0.0,
          0.0,
          1.0
        ]
      ]
    },
    {
      "file_path": "./render/0022",
      "transform_matrix": [
        [
          0.9845308151727323,
          -0.12956720249338827,
          0.11794665749122649,
          0.1
        ],
        [
          0.0,
          0.6731672826283737,
          0.7394902363106164,
          1.3907757818501811
        ],
        [
          -0.17521151210840963,
          -0.7280509251671677,
          0.6627539335137258,
          0.561909890123868
        ],
        [
          0.0,
          0.0,
          0.0,
          1.0
        ]
      ]
    },
    {
      "file_path": "./render/0023",
      "transform_matrix": [
        [
          0.9857546366741077,
          -0.12240967219043668,
          0.11534152951009377,
          0.1
        ],
        [
          0.0,
          0.6857821050562891,
          0.7278069142187129,
          1.3807572801786605
        ],
        [
          -0.1681897626952901,
          -0.7174390402945707,
          0.6760128898073672,
          0.5860966927339106
        ],
        [
          0.0,
          0.0,
          0.0,
          1.0
        ]
      ]
    },
    {
      "file_path": "./render/0024",
      "transform_matrix": [
        [
          0.9868321080225719,
          -0.11579443728033045,
          0.11293378091013644,
          0.1
        ],
        [
          0.0,
          0.6982085386736745,
          0.7158944311301574,
          1.3703181864639014
        ],
        [
          -0.16174792294099816,
          -0.7064676105937934,
          0.6890146040587017,
          0.6101049646137002
        ],
        [
          0.0,
          0.0,
          0.0,
          1.0
        ]
      ]
    },
    {
      "file_path": "./render/0025",
      "transform_matrix": [
        [
          0.9877854711621219,
          -0.10965943210443053,
          0.1107008216390398,
          0.1
        ],
        [
          0.0,
          0.7104405285388076,
          0.7037572418167359,
          1.3594616805549748
        ],
        [
          -0.15581996971192333,
          -0.6951611786917,
          0.7017628322153731,
          0.6339273926110491
        ],
        [
          0.0,
          0.0,
          0.0,
          1.0
        ]
      ]
    },
    {
      "file_path": "./render/0026",
      "transform_matrix": [
        [
          0.9886329160562636,
          -0.103951572169585,
          0.10862333052139539,
          0.1
        ],
        [
          0.0,
          0.7224724141089061,
          0.6913997475062088,
          1.3481910694487507
        ],
        [
          -0.15034945058126664,
          -0.6835405485376278,
          0.7142600095306962,
          0.6575567201836161
        ],
        [
          0.0,
          0.0,
          0.0,
          1.0
        ]
      ]
    },
    {
      "file_path": "./render/0027",
      "transform_matrix": [
        [
          0.9893894308683726,
          -0.09862520369912037,
          0.10668469094141225,
          0.1
        ],
        [
          0.0,
          0.7342988712625702,
          0.6788263162713386,
          1.336509786282552
        ],
        [
          -0.14528783185785943,
          -0.6716235827141738,
          0.7265075423257628,
          0.6809857496093201
        ],
        [
          0.0,
          0.0,
          0.0,
          1.0
        ]
      ]
    },
    {
      "file_path": "./render/0028",
      "transform_matrix": [
        [
          0.9900674520511794,
          -0.09364085979324852,
          0.10487053812232877,
          0.1
        ],
        [
          0.0,
          0.7459148665147008,
          0.6660412989540185,
          1.3244213892883905
        ],
        [
          -0.14059317333670807,
          -0.6594258118162629,
          0.7385060313373053,
          0.7042073441788362
        ],
        [
          0.0,
          0.0,
          0.0,
          1.0
        ]
      ]
    },
    {
      "file_path": "./render/0029",
      "transform_matrix": [
        [
          0.9906773661642686,
          -0.08896425559576858,
          0.1031683933970017,
          0.1
        ],
        [
          0.0,
          0.7573156205922376,
          0.6530490416553676,
          1.3119295607090935
        ],
        [
          -0.13622905772935429,
          -0.6469609045632394,
          0.7502554443633765,
          0.7272144303695056
        ],
        [
          0.0,
          0.0,
          0.0,
          1.0
        ]
      ]
    },
    {
      "file_path": "./render/0030",
      "transform_matrix": [
        [
          0.9912279006826347,
          -0.08456547115188306,
          0.10156736679247416,
          0.1
        ],
        [
          0.0,
          0.768496579261897,
          0.6398538955595747,
          1.299038105676658
        ],
        [
          -0.13216372009101798,
          -0.6342410336391229,
          0.7617552509435561,
          0.7499999999999999
        ],
        [
          0.0,
          0.0,
          0.0,
          1.0
        ]
      ]
    },
    {
      "file_path": "./render/0031",
      "transform_matrix": [
        [
          0.9917264308888976,
          -0.08041828270831283,
          0.10005791364312182,
          0.1
        ],
        [
          0.0,
          0.7794533898236375,
          0.6264602246690854,
          1.2857509510531684
        ],
        [
          -0.12836933542076373,
          -0.6212771627049289,
          0.7730045283340485,
          0.7725571123650812
        ],
        [
          0.0,
          0.0,
          0.0,
          1.0
        ]
      ]
    },
    {
      "file_path": "./render/0032",
      "transform_matrix": [
        [
          0.9921792227522467,
          -0.07649961221356798,
          0.09863163422513749,
          0.1
        ],
        [
          0.0,
          0.7901818820653954,
          0.6128724118897747,
          1.272072144234639
        ],
        [
          -0.12482143220916667,
          -0.6080792732750915,
          0.7840020455805515,
          0.7948788963498074
        ],
        [
          0.0,
          0.0,
          0.0,
          1.0
        ]
      ]
    },
    {
      "file_path": "./render/0033",
      "transform_matrix": [
        [
          0.9925916265587272,
          -0.0727890715493757,
          0.09728110787033713,
          0.1
        ],
        [
          0.0,
          0.8006780527564485,
          0.5990948638021709,
          1.258005851918136
        ],
        [
          -0.12149840692577127,
          -0.5946565453243761,
          0.7947463307353976,
          0.8169585525225407
        ],
        [
          0.0,
          0.0,
          0.0,
          1.0
        ]
      ]
    },
    {
      "file_path": "./render/0034",
      "transform_matrix": [
        [
          0.9929682323467162,
          -0.06926858315506511,
          0.09599975488472848,
          0.1
        ],
        [
          0.0,
          0.8109380529667385,
          0.5851320143783927,
          1.2435563588325624
        ],
        [
          -0.11838111990616629,
          -0.5810175020067858,
          0.8052357249970699,
          0.8387893552061203
        ],
        [
          0.0,
          0.0,
          0.0,
          1.0
        ]
      ]
    },
    {
      "file_path": "./render/0035",
      "transform_matrix": [
        [
          0.9933129954953235,
          -0.06592206262107074,
          0.09478172102199389,
          0.1
        ],
        [
          0.0,
          0.82095817765736,
          0.5709883278469944,
          1.2287280664334876
        ],
        [
          -0.1154525572696744,
          -0.5671701263265638,
          0.8154684266252141,
          0.8603646545265691
        ],
        [
          0.0,
          0.0,
          0.0,
          1.0
        ]
      ]
    },
    {
      "file_path": "./render/0036",
      "transform_matrix": [
        [
          0.9936293388216613,
          -0.06273515183462758,
          0.09362178035646666,
          0.1
        ],
        [
          0.0,
          0.8307348571071089,
          0.556668300864376,
          1.2135254915624212
        ],
        [
          -0.11269754670279322,
          -0.5531219557308475,
          0.8254425268034439,
          0.8816778784387097
        ],
        [
          0.0,
          0.0,
          0.0,
          1.0
        ]
      ]
    },
    {
      "file_path": "./render/0037",
      "transform_matrix": [
        [
          0.9939202360639994,
          -0.05969499358592424,
          0.0925152532464798,
          0.1
        ],
        [
          0.0,
          0.8402646498314592,
          0.5421764641181093,
          1.1979532650709392
        ],
        [
          -0.11010251742119173,
          -0.5388801592046155,
          0.8351560391167178,
          0.9027225347280724
        ],
        [
          0.0,
          0.0,
          0.0,
          1.0
        ]
      ]
    },
    {
      "file_path": "./render/0038",
      "transform_matrix": [
        [
          0.9941882805205762,
          -0.0567900403525386,
          0.09145793673759206,
          0.1
        ],
        [
          0.0,
          0.8495442367207822,
          0.5275173834619139,
          1.1820161304100831
        ],
        [
          -0.10765529655126288,
          -0.5244516004087136,
          0.8446069239315995,
          0.9234922129884873
        ],
        [
          0.0,
          0.0,
          0.0,
          1.0
        ]
      ]
    },
    {
      "file_path": "./render/0039",
      "transform_matrix": [
        [
          0.9944357417782925,
          -0.05400989139692268,
          0.09044604527092161,
          0.1
        ],
        [
          0.0,
          0.8585704161792554,
          0.5126956606621325,
          1.1657189421854564
        ],
        [
          -0.1053449356820582,
          -0.5098428896170595,
          0.8537931086821151,
          0.9439805865747561
        ],
        [
          0.0,
          0.0,
          0.0,
          1.0
        ]
      ]
    },
    {
      "file_path": "./render/0040",
      "transform_matrix": [
        [
          0.9946646128302998,
          -0.051345153427791154,
          0.08947615996803876,
          0.1
        ],
        [
          0.0,
          0.8673401000885694,
          0.49771593382003587,
          1.149066664678467
        ],
        [
          -0.10316156252766566,
          -0.4950604266125773,
          0.8627125048467905,
          0.9641814145298089
        ],
        [
          0.0,
          0.0,
          0.0,
          1.0
        ]
      ]
    },
    {
      "file_path": "./render/0041",
      "transform_matrix": [
        [
          0.9948766493951179,
          -0.04878732096037057,
          0.088545185085658,
          0.1
        ],
        [
          0.0,
          0.8758503104540737,
          0.4825828775220926,
          1.1320643703341582
        ],
        [
          -0.10109625358213647,
          -0.48011043624463406,
          0.8713630222362228,
          0.9840885434857607
        ],
        [
          0.0,
          0.0,
          0.0,
          1.0
        ]
      ]
    },
    {
      "file_path": "./render/0042",
      "transform_matrix": [
        [
          0.9950734028750025,
          -0.04632867321463589,
          0.08765031048966485,
          0.1
        ],
        [
          0.0,
          0.884098176617514,
          0.4673012027606893,
          1.1147172382160915
        ],
        [
          -0.09914092439937795,
          -0.46499899799866073,
          0.8797425810823745,
          1.0036959095382874
        ],
        [
          0.0,
          0.0,
          0.0,
          1.0
        ]
      ]
    },
    {
      "file_path": "./render/0043",
      "transform_matrix": [
        [
          0.9952562481004048,
          -0.04396218495444838,
          0.08678897920321621,
          0.1
        ],
        [
          0.0,
          0.8920809329416104,
          0.45187565666013285,
          1.0970305524287558
        ],
        [
          -0.09728823473116069,
          -0.4497320706554705,
          0.887849122321376,
          1.0229975400937477
        ],
        [
          0.0,
          0.0,
          0.0,
          1.0
        ]
      ]
    },
    {
      "file_path": "./render/0044",
      "transform_matrix": [
        [
          0.9954264067803096,
          -0.04168144912417581,
          0.08595885924877256,
          0.1
        ],
        [
          0.0,
          0.8997959168885865,
          0.43631102203660627,
          1.0790097005079768
        ],
        [
          -0.09553150623978221,
          -0.4343155129045435,
          0.8956806163839998,
          1.0419875556884959
        ],
        [
          0.0,
          0.0,
          0.0,
          1.0
        ]
      ]
    },
    {
      "file_path": "./render/0045",
      "transform_matrix": [
        [
          0.995584967399958,
          -0.039480609506196,
          0.08515781913743412,
          0.1
        ],
        [
          0.0,
          0.9072405674283349,
          0.4206121168158536,
          1.0606601717798214
        ],
        [
          -0.09386465089278645,
          -0.4187551006081389,
          0.9032350707470581,
          1.0606601717798212
        ],
        [
          0.0,
          0.0,
          0.0,
          1.0
        ]
      ]
    },
    {
      "file_path": "./render/0046",
      "transform_matrix": [
        [
          0.9957329021667012,
          -0.037354301920653414,
          0.08438390646740217,
          0.1
        ],
        [
          0.0,
          0.9144124237228565,
          0.4047837933283534,
          1.041987555688496
        ],
        [
          -0.09228210846463472,
          -0.40305654128088764,
          0.9105105364508472,
          1.0790097005079766
        ],
        [
          0.0,
          0.0,
          0.0,
          1.0
        ]
      ]
    },
    {
      "file_path": "./render/0047",
      "transform_matrix": [
        [
          0.9958710814929886,
          -0.03529760273196604,
          0.08363532918188053,
          0.1
        ],
        [
          0.0,
          0.92130912404253,
          0.38883093749853087,
          1.0229975400937477
        ],
        [
          -0.09077879182928804,
          -0.3872254862445945,
          0.9175051137495922,
          1.0970305524287558
        ],
        [
          0.0,
          0.0,
          0.0,
          1.0
        ]
      ]
    },
    {
      "file_path": "./render/0048",
      "transform_matrix": [
        [
          0.9960002864163396,
          -0.03330598362580253,
          0.08291043910924116,
          0.1
        ],
        [
          0.0,
          0.9279284048770179,
          0.3727584679419012,
          1.0036959095382874
        ],
        [
          -0.08935003893994345,
          -0.3712675408342495,
          0.924216957031367,
          1.1147172382160913
        ],
        [
          0.0,
          0.0,
          0.0,
          1.0
        ]
      ]
    },
    {
      "file_path": "./render/0049",
      "transform_matrix": [
        [
          0.9961212192846713,
          -0.03137527178417264,
          0.08220771746794259,
          0.1
        ],
        [
          0.0,
          0.9342681002095875,
          0.35657133498189153,
          0.9840885434857609
        ],
        [
          -0.08799157056684336,
          -0.35518827296412475,
          0.930644279119548,
          1.132064370334158
        ],
        [
          0.0,
          0.0,
          0.0,
          1.0
        ]
      ]
    },
    {
      "file_path": "./render/0050",
      "transform_matrix": [
        [
          0.9962345129777673,
          -0.02950161472168559,
          0.08152576206797464,
          0.1
        ],
        [
          0.0,
          0.9403261409285116,
          0.3402745195963004,
          0.9641814145298091
        ],
        [
          -0.08669945300837134,
          -0.3389932203087642,
          0.9367853550481791,
          1.149066664678467
        ],
        [
          0.0,
          0.0,
          0.0,
          1.0
        ]
      ]
    },
    {
      "file_path": "./render/0051",
      "transform_matrix": [
        [
          0.996340738889081,
          -0.027681449158314848,
          0.08086327598147133,
          0.1
        ],
        [
          0.0,
          0.9461005543532774,
          0.32387303230189024,
          0.9439805865747563
        ],
        [
          -0.08547006511030612,
          -0.3226878963099126,
          0.9426385253877136,
          1.1657189421854561
        ],
        [
          0.0,
          0.0,
          0.0,
          1.0
        ]
      ]
    },
    {
      "file_path": "./render/0052",
      "transform_matrix": [
        [
          0.9964404138541981,
          -0.025911473397458577,
          0.08021905748914696,
          0.1
        ],
        [
          0.0,
          0.9515894638566902,
          0.3073719119843859,
          0.9234922129884875
        ],
        [
          -0.08430006902769574,
          -0.30627779518487774,
          0.9482021991846548,
          1.1820161304100831
        ],
        [
          0.0,
          0.0,
          0.0,
          1.0
        ]
      ]
    },
    {
      "file_path": "./render/0053",
      "transform_matrix": [
        [
          0.99653400618138,
          -0.02418862275613447,
          0.07959199113761857,
          0.1
        ],
        [
          0.0,
          0.9567910885667573,
          0.2907762246801482,
          0.9027225347280725
        ],
        [
          -0.08318638424699884,
          -0.2897683960828051,
          0.9534748565680742,
          1.1979532650709392
        ],
        [
          0.0,
          0.0,
          0.0,
          1.0
        ]
      ]
    },
    {
      "file_path": "./render/0054",
      "transform_matrix": [
        [
          0.9966219409142916,
          -0.022510047659556137,
          0.07898103976648352,
          0.1
        ],
        [
          0.0,
          0.9617037431345862,
          0.2740910623149283,
          0.8816778784387097
        ],
        [
          -0.08212616445585622,
          -0.2731651665115639,
          0.9584550510673306,
          1.2135254915624212
        ],
        [
          0.0,
          0.0,
          0.0,
          1.0
        ]
      ]
    },
    {
      "file_path": "./render/0055",
      "transform_matrix": [
        [
          0.996704604436191,
          -0.020873094067334876,
          0.07838523738403985,
          0.1
        ],
        [
          0.0,
          0.9663258375564899,
          0.25732154140442337,
          0.8603646545265693
        ],
        [
          -0.08111677690648272,
          -0.2564735651384069,
          0.9631414116782122,
          1.2287280664334876
        ],
        [
          0.0,
          0.0,
          0.0,
          1.0
        ]
      ]
    },
    {
      "file_path": "./render/0056",
      "transform_matrix": [
        [
          0.9967823485076649,
          -0.01927528594493543,
          0.07780368278741769,
          0.1
        ],
        [
          0.0,
          0.9706558770401508,
          0.24047280172072638,
          0.8387893552061202
        ],
        [
          -0.08015578396812136,
          -0.23969904405140374,
          0.9675326447088487,
          1.2435563588325627
        ],
        [
          0.0,
          0.0,
          0.0,
          1.0
        ]
      ]
    },
    {
      "file_path": "./render/0057",
      "transform_matrix": [
        [
          0.9968554938157518,
          -0.01771430953326025,
          0.07723553383717627,
          0.1
        ],
        [
          0.0,
          0.974692461906093,
          0.2235500049282918,
          0.8169585525225408
        ],
        [
          -0.0792409266058503,
          -0.22284705055530618,
          0.9716275354318893,
          1.2580058519181359
        ],
        [
          0.0,
          0.0,
          0.0,
          1.0
        ]
      ]
    },
    {
      "file_path": "./render/0058",
      "transform_matrix": [
        [
          0.9969243331004521,
          -0.016187999202533786,
          0.07668000230853883,
          0.1
        ],
        [
          0.0,
          0.9784342875168989,
          0.206558333192584,
          0.7948788963498074
        ],
        [
          -0.0783701095585476,
          -0.2059230285643578,
          0.9754249495654006,
          1.272072144234639
        ],
        [
          0.0,
          0.0,
          0.0,
          1.0
        ]
      ]
    },
    {
      "file_path": "./render/0059",
      "transform_matrix": [
        [
          0.996989133914748,
          -0.014694324704995959,
          0.07613634925175251,
          0.1
        ],
        [
          0.0,
          0.9818801442276072,
          0.18950298776423952,
          0.7725571123650816
        ],
        [
          -0.07754138801904883,
          -0.1889324196453262,
          0.9789238346015698,
          1.2857509510531684
        ],
        [
          0.0,
          0.0,
          0.0,
          1.0
        ]
      ]
    },
    {
      "file_path": "./render/0060",
      "transform_matrix": [
        [
          0.9970501410659873,
          -0.013231379665087882,
          0.0756038808028586,
          0.1
        ],
        [
          0.0,
          0.9850289173516031,
          0.17238918754123966,
          0.7500000000000002
        ],
        [
          -0.07675295564533363,
          -0.171880663756244,
          0.9821232209994928,
          1.299038105676658
        ],
        [
          0.0,
          0.0,
          0.0,
          1.0
        ]
      ]
    },
    {
      "file_path": "./render/0061",
      "transform_matrix": [
        [
          0.9971075787795532,
          -0.011797371166499069,
          0.07508194439368751,
          0.1
        ],
        [
          0.0,
          0.9878795871370318,
          0.15522216761135538,
          0.7272144303695056
        ],
        [
          -0.07600313375366129,
          -0.15477319971987258,
          0.9850222232559505,
          1.3119295607090935
        ],
        [
          0.0,
          0.0,
          0.0,
          1.0
        ]
      ]
    },
    {
      "file_path": "./render/0062",
      "transform_matrix": [
        [
          0.9971616526198918,
          -0.010390610313182617,
          0.0745699253163494,
          0.1
        ],
        [
          0.0,
          0.990431228749408,
          0.138007177776875,
          0.7042073441788363
        ],
        [
          -0.07529036156352514,
          -0.13761546546539583,
          0.9876200408661098,
          1.3244213892883903
        ],
        [
          0.0,
          0.0,
          0.0,
          1.0
        ]
      ]
    },
    {
      "file_path": "./render/0063",
      "transform_matrix": [
        [
          0.9972125511990447,
          -0.009009503656697452,
          0.07406724360304189,
          0.1
        ],
        [
          0.0,
          0.9926830122566354,
          0.12074948106345196,
          0.6809857496093202
        ],
        [
          -0.0746131873805991,
          -0.1204128980672457,
          0.989915959184392,
          1.3365097862825517
        ],
        [
          0.0,
          0.0,
          0.0,
          1.0
        ]
      ]
    },
    {
      "file_path": "./render/0064",
      "transform_matrix": [
        [
          0.9972604476986532,
          -0.007652545395381141,
          0.07357335118678111,
          0.1
        ],
        [
          0.0,
          0.9946342026131164,
          0.1034543522147342,
          0.6575567201836162
        ],
        [
          -0.0739702606179118,
          -0.10317093360604007,
          0.9919093501943493,
          1.3481910694487507
        ],
        [
          0.0,
          0.0,
          0.0,
          1.0
        ]
      ]
    },
    {
      "file_path": "./render/0065",
      "transform_matrix": [
        [
          0.9973055012278486,
          -0.006318310262208117,
          0.07308772931279395,
          0.1
        ],
        [
          0.0,
          0.9962841596400436,
          0.08612707617429244,
          0.6339273926110491
        ],
        [
          -0.07336032456764191,
          -0.08589500687329182,
          0.9935996731951795,
          1.3594616805549748
        ],
        [
          0.0,
          0.0,
          0.0,
          1.0
        ]
      ]
    },
    {
      "file_path": "./render/0066",
      "transform_matrix": [
        [
          0.9973478580364351,
          -0.00500544702801646,
          0.07260988617388571,
          0.1
        ],
        [
          0.0,
          0.9976323379993112,
          0.06877294655624616,
          0.6101049646137003
        ],
        [
          -0.07278220984646536,
          -0.06859055093872651,
          0.9949864754114938,
          1.3703181864639014
        ],
        [
          0.0,
          0.0,
          0.0,
          1.0
        ]
      ]
    },
    {
      "file_path": "./render/0067",
      "transform_matrix": [
        [
          0.9973876526001808,
          -0.0037126725553094826,
          0.0721393547462012,
          0.1
        ],
        [
          0.0,
          0.9986782871587983,
          0.05139726410587553,
          0.5860966927339109
        ],
        [
          -0.07223482844654101,
          -0.05126299659663075,
          0.9960693925320829,
          1.3807572801786603
        ],
        [
          0.0,
          0.0,
          0.0,
          1.0
        ]
      ]
    },
    {
      "file_path": "./render/0068",
      "transform_matrix": [
        [
          0.9974250085928327,
          -0.0024387663452462433,
          0.07167569080449132,
          0.1
        ],
        [
          0.0,
          0.999421651347038,
          0.03400533515141024,
          0.5619098901238679
        ],
        [
          -0.0717171683321905,
          -0.033917771705597455,
          0.9968481491826824,
          1.3907757818501811
        ],
        [
          0.0,
          0.0,
          0.0,
          1.0
        ]
      ]
    },
    {
      "file_path": "./render/0069",
      "transform_matrix": [
        [
          0.9974600397575777,
          -0.0011825655268859897,
          0.07121847109834732,
          0.1
        ],
        [
          0.0,
          0.9998621694955266,
          0.01660247004811488,
          0.5375519243179505
        ],
        [
          -0.07122828852928809,
          -0.016560300434266706,
          0.997322559337106,
          1.4003706397458027
        ],
        [
          0.0,
          0.0,
          0.0,
          1.0
        ]
      ]
    },
    {
      "file_path": "./render/0070",
      "transform_matrix": [
        [
          0.9974928506890399,
          5.703975662362318e-05,
          0.07076729167291072,
          0.1
        ],
        [
          0.0,
          0.9999996751671294,
          -0.000806018384296503,
          0.5130302149885032
        ],
        [
          -0.0707673146604607,
          0.0008039975758596385,
          0.9974925266705739,
          1.4095389311788624
        ],
        [
          0.0,
          0.0,
          0.0,
          1.0
        ]
      ]
    },
    {
      "file_path": "./render/0071",
      "transform_matrix": [
        [
          0.9975235375355024,
          0.0012811106053082014,
          0.07032176631935656,
          0.1
        ],
        [
          0.0,
          0.9998340964692214,
          -0.01821481642992928,
