{
  "camera_angle_x": 1.0471975511965976,
  "frames": [
    {
      "file_path": "./render/0000",
      "transform_matrix": [
        [
          0.0,
          0.3420201433256687,
          0.9396926207859084,
          1.0
        ],
        [
          0.0,
          0.9396926207859084,
          -0.3420201433256687,
          0.0
        ],
        [
          -1.0,
          0.0,
          -0.0,
          0.0
        ],
        [
          0.0,
          0.0,
          0.0,
          1.0
        ]
      ]
    },
    {
      "file_path": "./render/0001",
      "transform_matrix": [
        [
          0.01745240643728351,
          0.3419680520012285,
          0.9395495010482594,
          0.9998476951563913
        ],
        [
          0.0,
          0.9396926207859084,
          -0.3420201433256687,
          0.0
        ],
        [
          -0.9998476951563913,
          0.00596907455105753,
          0.0163998975440718,
          0.01745240643728351
        ],
        [
          0.0,
          0.0,
          0.0,
          1.0
        ]
      ]
    },
    {
      "file_path": "./render/0002",
      "transform_matrix": [
        [
          0.03489949670250097,
          0.3418117938954297,
          0.9391201854309705,
          0.9993908270190958
        ],
        [
          0.0,
          0.9396926207859084,
          -0.3420201433256687,
          0.0
        ],
        [
          -0.9993908270190958,
          0.011936330864183085,
          0.0327947995204823,
          0.03489949670250097
        ],
        [
          0.0,
          0.0,
          0.0,
          1.0
        ]
      ]
    },
    {
      "file_path": "./render/0003",
      "transform_matrix": [
        [
          0.052335956242943835,
          0.34155141660600524,
          0.938404804707738,
          0.9986295347545738
        ],
        [
          0.0,
          0.9396926207859084,
          -0.3420201433256687,
          0.0
        ],
        [
          -0.9986295347545739,
          0.017899951255297575,
          0.049179711883268515,
          0.05233595624294383
        ],
        [
          0.0,
          0.0,
          0.0,
          1.0
        ]
      ]
    },
    {
      "file_path": "./render/0004",
      "transform_matrix": [
        [
          0.06975647374412532,
          0.3411869994463997,
          0.9374035767904599,
          0.9975640502598242
        ],
        [
          0.0,
          0.9396926207859084,
          -0.3420201433256687,
          0.0
        ],
        [
          -0.9975640502598243,
          0.023858119147858986,
          0.06554964362940052,
          0.0697564737441253
        ],
        [
          0.0,
          0.0,
          0.0,
          1.0
        ]
      ]
    },
    {
      "file_path": "./render/0005",
      "transform_matrix": [
        [
          0.08715574274765817,
          0.34071865342161006,
          0.9361168066628592,
          0.9961946980917455
        ],
        [
          0.0,
          0.9396926207859084,
          -0.3420201433256687,
          0.0
        ],
        [
          -0.9961946980917455,
          0.029809019626209157,
          0.08189960831908934,
          0.08715574274765817
        ],
        [
          0.0,
          0.0,
          0.0,
          1.0
        ]
      ]
    },
    {
      "file_path": "./render/0006",
      "transform_matrix": [
        [
          0.10452846326765347,
          0.34014652119437255,
          0.9345448862875818,
          0.9945218953682733
        ],
        [
          0.0,
          0.9396926207859084,
          -0.3420201433256687,
          0.0
        ],
        [
          -0.9945218953682734,
          0.03575083998841474,
          0.09822462559470485,
          0.10452846326765346
        ],
        [
          0.0,
          0.0,
          0.0,
          1.0
        ]
      ]
    },
    {
      "file_path": "./render/0007",
      "transform_matrix": [
        [
          0.12186934340514749,
          0.3394707770417059,
          0.9326882944868017,
          0.992546151641322
        ],
        [
          0.0,
          0.9396926207859084,
          -0.3420201433256687,
          0.0
        ],
        [
          -0.9925461516413221,
          0.04168177029843368,
          0.11451972269784091,
          0.12186934340514748
        ],
        [
          0.0,
          0.0,
          0.0,
          1.0
        ]
      ]
    },
    {
      "file_path": "./render/0008",
      "transform_matrix": [
        [
          0.13917310096006544,
          0.3386916268018251,
          0.9305475967963663,
          0.9902680687415704
        ],
        [
          0.0,
          0.9396926207859084,
          -0.3420201433256687,
          0.0
        ],
        [
          -0.9902680687415704,
          0.04760000393743934,
          0.13077993598406573,
          0.13917310096006544
        ],
        [
          0.0,
          0.0,
          0.0,
          1.0
        ]
      ]
    },
    {
      "file_path": "./render/0009",
      "transform_matrix": [
        [
          0.15643446504023087,
          0.3378093078114409,
          0.92812344529353,
          0.9876883405951378
        ],
        [
          0.0,
          0.9396926207859084,
          -0.3420201433256687,
          0.0
        ],
        [
          -0.9876883405951378,
          0.053503738154134076,
          0.1470003124348961,
          0.15643446504023087
        ],
        [
          0.0,
          0.0,
          0.0,
          1.0
        ]
      ]
    },
    {
      "file_path": "./render/0010",
      "transform_matrix": [
        [
          0.17364817766693036,
          0.33682408883346515,
          0.9254165783983235,
          0.984807753012208
        ],
        [
          0.0,
          0.9396926207859084,
          -0.3420201433256687,
          0.0
        ],
        [
          -0.9848077530122081,
          0.059391174613884705,
          0.16317591116653485,
          0.17364817766693033
        ],
        [
          0.0,
          0.0,
          0.0,
          1.0
        ]
      ]
    },
    {
      "file_path": "./render/0011",
      "transform_matrix": [
        [
          0.1908089953765448,
          0.33573626997514255,
          0.922427820648625,
          0.981627183447664
        ],
        [
          0.0,
          0.9396926207859084,
          -0.3420201433256687,
          0.0
        ],
        [
          -0.981627183447664,
          0.06526051994651272,
          0.17930180493491168,
          0.1908089953765448
        ],
        [
          0.0,
          0.0,
          0.0,
          1.0
        ]
      ]
    },
    {
      "file_path": "./render/0012",
      "transform_matrix": [
        [
          0.20791169081775931,
          0.3345461825966352,
          0.9191580824489982,
          0.9781476007338057
        ],
        [
          0.0,
          0.9396926207859084,
          -0.3420201433256687,
          0.0
        ],
        [
          -0.9781476007338057,
          0.07110998629257216,
          0.19537308163656975,
          0.20791169081775931
        ],
        [
          0.0,
          0.0,
          0.0,
          1.0
        ]
      ]
    },
    {
      "file_path": "./render/0013",
      "transform_matrix": [
        [
          0.224951054343865,
          0.33325418921008726,
          0.9156083597933731,
          0.9743700647852352
        ],
        [
          0.0,
          0.9396926207859084,
          -0.3420201433256687,
          0.0
        ],
        [
          -0.9743700647852352,
          0.076937791847949,
          0.21138484580493982,
          0.224951054343865
        ],
        [
          0.0,
          0.0,
          0.0,
          1.0
        ]
      ]
    },
    {
      "file_path": "./render/0014",
      "transform_matrix": [
        [
          0.24192189559966773,
          0.3318606833692001,
          0.9117797339616576,
          0.9702957262759965
        ],
        [
          0.0,
          0.9396926207859084,
          -0.3420201433256687,
          0.0
        ],
        [
          -0.9702957262759965,
          0.08274216140661582,
          0.2273322201015467,
          0.24192189559966773
        ],
        [
          0.0,
          0.0,
          0.0,
          1.0
        ]
      ]
    },
    {
      "file_path": "./render/0015",
      "transform_matrix": [
        [
          0.25881904510252074,
          0.33036608954935215,
          0.9076733711903687,
          0.9659258262890683
        ],
        [
          0.0,
          0.9396926207859084,
          -0.3420201433256687,
          0.0
        ],
        [
          -0.9659258262890683,
          0.08852132690137686,
          0.24321034680169396,
          0.25881904510252074
        ],
        [
          0.0,
          0.0,
          0.0,
          1.0
        ]
      ]
    },
    {
      "file_path": "./render/0016",
      "transform_matrix": [
        [
          0.27563735581699916,
          0.3287708630182992,
          0.9032905223173859,
          0.9612616959383189
        ],
        [
          0.0,
          0.9396926207859084,
          -0.3420201433256687,
          0.0
        ],
        [
          -0.9612616959383189,
          0.0942735279424384,
          0.2590143892741739,
          0.27563735581699916
        ],
        [
          0.0,
          0.0,
          0.0,
          1.0
        ]
      ]
    },
    {
      "file_path": "./render/0017",
      "transform_matrix": [
        [
          0.29237170472273677,
          0.327075489697496,
          0.8986325224009334,
          0.9563047559630354
        ],
        [
          0.0,
          0.9396926207859084,
          -0.3420201433256687,
          0.0
        ],
        [
          -0.9563047559630354,
          0.09999701235364052,
          0.27473953345455226,
          0.29237170472273677
        ],
        [
          0.0,
          0.0,
          0.0,
          1.0
        ]
      ]
    },
    {
      "file_path": "./render/0018",
      "transform_matrix": [
        [
          0.30901699437494745,
          0.3252804860140796,
          0.8937007903129089,
          0.9510565162951535
        ],
        [
          0.0,
          0.9396926207859084,
          -0.3420201433256687,
          0.0
        ],
        [
          -0.9510565162951536,
          0.10569003670618689,
          0.2903809893115787,
          0.3090169943749474
        ],
        [
          0.0,
          0.0,
          0.0,
          1.0
        ]
      ]
    },
    {
      "file_path": "./render/0019",
      "transform_matrix": [
        [
          0.32556815445715664,
          0.32338639874356045,
          0.8884968283066811,
          0.9455185755993168
        ],
        [
          0.0,
          0.9396926207859084,
          -0.3420201433256687,
          0.0
        ],
        [
          -0.9455185755993168,
          0.11135086684971017,
          0.30593399230627694,
          0.32556815445715664
        ],
        [
          0.0,
          0.0,
          0.0,
          1.0
        ]
      ]
    },
    {
      "file_path": "./render/0020",
      "transform_matrix": [
        [
          0.3420201433256687,
          0.3213938048432697,
          0.8830222215594891,
          0.9396926207859084
        ],
        [
          0.0,
          0.9396926207859084,
          -0.3420201433256687,
          0.0
        ],
        [
          -0.9396926207859084,
          0.11697777844051097,
          0.3213938048432697,
          0.3420201433256687
        ],
        [
          0.0,
          0.0,
          0.0,
          1.0
        ]
      ]
    },
    {
      "file_path": "./render/0021",
      "transform_matrix": [
        [
          0.35836794954530027,
          0.3193033112766119,
          0.8772786376895817,
          0.9335804264972017
        ],
        [
          0.0,
          0.9396926207859084,
          -0.3420201433256687,
          0.0
        ],
        [
          -0.9335804264972017,
          0.12256905746680961,
          0.3367557177138954,
          0.35836794954530027
        ],
        [
          0.0,
          0.0,
          0.0,
          1.0
        ]
      ]
    },
    {
      "file_path": "./render/0022",
      "transform_matrix": [
        [
          0.374606593415912,
          0.3171155548281786,
          0.8712678262482451,
          0.9271838545667874
        ],
        [
          0.0,
          0.9396926207859084,
          -0.3420201433256687,
          0.0
        ],
        [
          -0.9271838545667874,
          0.12812300077085073,
          0.3520150515306796,
          0.374606593415912
        ],
        [
          0.0,
          0.0,
          0.0,
          1.0
        ]
      ]
    },
    {
      "file_path": "./render/0023",
      "transform_matrix": [
        [
          0.3907311284892737,
          0.3148312019097773,
          0.8649916181868723,
          0.9205048534524404
        ],
        [
          0.0,
          0.9396926207859084,
          -0.3420201433256687,
          0.0
        ],
        [
          -0.9205048534524404,
          0.1336379165677017,
          0.36716715815272116,
          0.3907311284892737
        ],
        [
          0.0,
          0.0,
          0.0,
          1.0
        ]
      ]
    },
    {
      "file_path": "./render/0024",
      "transform_matrix": [
        [
          0.4067366430758002,
          0.312450948357436,
          0.8584519252992379,
          0.9135454576426009
        ],
        [
          0.0,
          0.9396926207859084,
          -0.3420201433256687,
          0.0
        ],
        [
          -0.913545457642601,
          0.13911212496058656,
          0.38220742210156133,
          0.40673664307580015
        ],
        [
          0.0,
          0.0,
          0.0,
          1.0
        ]
      ]
    },
    {
      "file_path": "./render/0025",
      "transform_matrix": [
        [
          0.42261826174069944,
          0.30997551921944466,
          0.8516507396391465,
          0.9063077870366499
        ],
        [
          0.0,
          0.9396926207859084,
          -0.3420201433256687,
          0.0
        ],
        [
          -0.9063077870366499,
          0.144543958452599,
          0.39713126196710286,
          0.42261826174069944
        ],
        [
          0.0,
          0.0,
          0.0,
          1.0
        ]
      ]
    },
    {
      "file_path": "./render/0026",
      "transform_matrix": [
        [
          0.4383711467890774,
          0.30740566853549883,
          0.8445901329136354,
          0.898794046299167
        ],
        [
          0.0,
          0.9396926207859084,
          -0.3420201433256687,
          0.0
        ],
        [
          -0.898794046299167,
          0.14993176245463802,
          0.4119341318031523,
          0.4383711467890774
        ],
        [
          0.0,
          0.0,
          0.0,
          1.0
        ]
      ]
    },
    {
      "file_path": "./render/0027",
      "transform_matrix": [
        [
          0.45399049973954675,
          0.3047421791070115,
          0.8372722558519103,
          0.8910065241883679
        ],
        [
          0.0,
          0.9396926207859084,
          -0.3420201433256687,
          0.0
        ],
        [
          -0.8910065241883679,
          0.15527389578941175,
          0.42661152251215895,
          0.45399049973954675
        ],
        [
          0.0,
          0.0,
          0.0,
          1.0
        ]
      ]
    },
    {
      "file_path": "./render/0028",
      "transform_matrix": [
        [
          0.4694715627858908,
          0.3019858622586644,
          0.8296993375502143,
          0.882947592858927
        ],
        [
          0.0,
          0.9396926207859084,
          -0.3420201433256687,
          0.0
        ],
        [
          -0.882947592858927,
          0.16056873119135606,
          0.4411589632187299,
          0.4694715627858908
        ],
        [
          0.0,
          0.0,
          0.0,
          1.0
        ]
      ]
    },
    {
      "file_path": "./render/0029",
      "transform_matrix": [
        [
          0.4848096202463371,
          0.2991375575912706,
          0.8218736847928226,
          0.8746197071393957
        ],
        [
          0.0,
          0.9396926207859084,
          -0.3420201433256687,
          0.0
        ],
        [
          -0.8746197071393959,
          0.16581465580231525,
          0.45557202263150154,
          0.48480962024633706
        ],
        [
          0.0,
          0.0,
          0.0,
          1.0
        ]
      ]
    },
    {
      "file_path": "./render/0030",
      "transform_matrix": [
        [
          0.49999999999999994,
          0.29619813272602386,
          0.8137976813493738,
          0.8660254037844387
        ],
        [
          0.0,
          0.9396926207859084,
          -0.3420201433256687,
          0.0
        ],
        [
          -0.8660254037844387,
          0.17101007166283433,
          0.46984631039295416,
          0.49999999999999994
        ],
        [
          0.0,
          0.0,
          0.0,
          1.0
        ]
      ]
    },
    {
      "file_path": "./render/0031",
      "transform_matrix": [
        [
          0.5150380749100542,
          0.29316848304021303,
          0.8054737872487507,
          0.8571673007021123
        ],
        [
          0.0,
          0.9396926207859084,
          -0.3420201433256687,
          0.0
        ],
        [
          -0.8571673007021123,
          0.1761533961989132,
          0.4839774784167578,
          0.5150380749100542
        ],
        [
          0.0,
          0.0,
          0.0,
          1.0
        ]
      ]
    },
    {
      "file_path": "./render/0032",
      "transform_matrix": [
        [
          0.5299192642332049,
          0.2900495313944813,
          0.7969045380297319,
          0.848048096156426
        ],
        [
          0.0,
          0.9396926207859084,
          -0.3420201433256687,
          0.0
        ],
        [
          -0.848048096156426,
          0.18124306270407364,
          0.4979612222122406,
          0.5299192642332049
        ],
        [
          0.0,
          0.0,
          0.0,
          1.0
        ]
      ]
    },
    {
      "file_path": "./render/0033",
      "transform_matrix": [
        [
          0.5446390350150271,
          0.2868422278517139,
          0.7880925439686418,
          0.838670567945424
        ],
        [
          0.0,
          0.9396926207859084,
          -0.3420201433256687,
          0.0
        ],
        [
          -0.838670567945424,
          0.18627752081659346,
          0.511793282195579,
          0.5446390350150271
        ],
        [
          0.0,
          0.0,
          0.0,
          1.0
        ]
      ]
    },
    {
      "file_path": "./render/0034",
      "transform_matrix": [
        [
          0.5591929034707469,
          0.2835475493876398,
          0.7790404892842347,
          0.8290375725550416
        ],
        [
          0.0,
          0.9396926207859084,
          -0.3420201433256687,
          0.0
        ],
        [
          -0.8290375725550416,
          0.1912552369917617,
          0.5254694449873076,
          0.5591929034707469
        ],
        [
          0.0,
          0.0,
          0.0,
          1.0
        ]
      ]
    },
    {
      "file_path": "./render/0035",
      "transform_matrix": [
        [
          0.5735764363510462,
          0.28016649959323553,
          0.7697511313200573,
          0.8191520442889918
        ],
        [
          0.0,
          0.9396926207859084,
          -0.3420201433256687,
          0.0
        ],
        [
          -0.8191520442889919,
          0.1961746949690111,
          0.5389855446957563,
          0.573576436351046
        ],
        [
          0.0,
          0.0,
          0.0,
          1.0
        ]
      ]
    },
    {
      "file_path": "./render/0036",
      "transform_matrix": [
        [
          0.5877852522924731,
          0.27670010836902126,
          0.760227299704533,
          0.8090169943749475
        ],
        [
          0.0,
          0.9396926207859084,
          -0.3420201433256687,
          0.0
        ],
        [
          -0.8090169943749475,
          0.201034396233786,
          0.5523374641860205,
          0.5877852522924731
        ],
        [
          0.0,
          0.0,
          0.0,
          1.0
        ]
      ]
    },
    {
      "file_path": "./render/0037",
      "transform_matrix": [
        [
          0.6018150231520483,
          0.27314943161134364,
          0.7504718954890313,
          0.7986355100472928
        ],
        [
          0.0,
          0.9396926207859084,
          -0.3420201433256687,
          0.0
        ],
        [
          -0.7986355100472928,
          0.20583286047400418,
          0.5655211363340804,
          0.6018150231520483
        ],
        [
          0.0,
          0.0,
          0.0,
          1.0
        ]
      ]
    },
    {
      "file_path": "./render/0038",
      "transform_matrix": [
        [
          0.6156614753256582,
          0.26951555089073925,
          0.7404878902641794,
          0.788010753606722
        ],
        [
          0.0,
          0.9396926207859084,
          -0.3420201433256687,
          0.0
        ],
        [
          -0.788010753606722,
          0.21056862603097426,
          0.5785325452656866,
          0.6156614753256582
        ],
        [
          0.0,
          0.0,
          0.0,
          1.0
        ]
      ]
    },
    {
      "file_path": "./render/0039",
      "transform_matrix": [
        [
          0.6293203910498374,
          0.2657995731224778,
          0.7302783252546856,
          0.7771459614569709
        ],
        [
          0.0,
          0.9396926207859084,
          -0.3420201433256687,
          0.0
        ],
        [
          -0.7771459614569709,
          0.21524025034463126,
          0.5913677275796344,
          0.6293203910498374
        ],
        [
          0.0,
          0.0,
          0.0,
          1.0
        ]
      ]
    },
    {
      "file_path": "./render/0040",
      "transform_matrix": [
        [
          0.6427876096865394,
          0.26200263022938497,
          0.7198463103929543,
          0.766044443118978
        ],
        [
          0.0,
          0.9396926207859084,
          -0.3420201433256687,
          0.0
        ],
        [
          -0.7660444431189781,
          0.2198463103929542,
          0.6040227735550537,
          0.6427876096865393
        ],
        [
          0.0,
          0.0,
          0.0,
          1.0
        ]
      ]
    },
    {
      "file_path": "./render/0041",
      "transform_matrix": [
        [
          0.6560590289905072,
          0.2581258787970478,
          0.7091950233717695,
          0.7547095802227721
        ],
        [
          0.0,
          0.9396926207859084,
          -0.3420201433256687,
          0.0
        ],
        [
          -0.7547095802227721,
          0.22438540312543231,
          0.616493828342348,
          0.6560590289905072
        ],
        [
          0.0,
          0.0,
          0.0,
          1.0
        ]
      ]
    },
    {
      "file_path": "./render/0042",
      "transform_matrix": [
        [
          0.6691306063588582,
          0.25417049972150746,
          0.6983277086763391,
          0.7431448254773942
        ],
        [
          0.0,
          0.9396926207859084,
          -0.3420201433256687,
          0.0
        ],
        [
          -0.7431448254773942,
          0.2288561458904483,
          0.6287770931374196,
          0.6691306063588582
        ],
        [
          0.0,
          0.0,
          0.0,
          1.0
        ]
      ]
    },
    {
      "file_path": "./render/0043",
      "transform_matrix": [
        [
          0.6819983600624985,
          0.2501376978495471,
          0.6872476765959937,
          0.7313537016191706
        ],
        [
          0.0,
          0.9396926207859084,
          -0.3420201433256687,
          0.0
        ],
        [
          -0.7313537016191706,
          0.23325717685644676,
          0.6408688263388208,
          0.6819983600624985
        ],
        [
          0.0,
          0.0,
          0.0,
          1.0
        ]
      ]
    },
    {
      "file_path": "./render/0044",
      "transform_matrix": [
        [
          0.6946583704589973,
          0.2460287016116834,
          0.6759583022158392,
          0.7193398003386512
        ],
        [
          0.0,
          0.9396926207859084,
          -0.3420201433256687,
          0.0
        ],
        [
          -0.7193398003386512,
          0.2375871554267617,
          0.6527653446874836,
          0.6946583704589973
        ],
        [
          0.0,
          0.0,
          0.0,
          1.0
        ]
      ]
    },
    {
      "file_path": "./render/0045",
      "transform_matrix": [
        [
          0.7071067811865475,
          0.24184476264797528,
          0.6644630243886748,
          0.7071067811865476
        ],
        [
          0.0,
          0.9396926207859084,
          -0.3420201433256687,
          0.0
        ],
        [
          -0.7071067811865476,
          0.24184476264797522,
          0.6644630243886747,
          0.7071067811865475
        ],
        [
          0.0,
          0.0,
          0.0,
          1.0
        ]
      ]
    },
    {
      "file_path": "./render/0046",
      "transform_matrix": [
        [
          0.7193398003386511,
          0.23758715542676176,
          0.6527653446874837,
          0.6946583704589974
        ],
        [
          0.0,
          0.9396926207859084,
          -0.3420201433256687,
          0.0
        ],
        [
          -0.6946583704589974,
          0.24602870161168336,
          0.6759583022158391,
          0.7193398003386511
        ],
        [
          0.0,
          0.0,
          0.0,
          1.0
        ]
      ]
    },
    {
      "file_path": "./render/0047",
      "transform_matrix": [
        [
          0.7313537016191706,
          0.23325717685644679,
          0.6408688263388209,
          0.6819983600624985
        ],
        [
          0.0,
          0.9396926207859084,
          -0.3420201433256687,
          0.0
        ],
        [
          -0.6819983600624986,
          0.2501376978495471,
          0.6872476765959937,
          0.7313537016191705
        ],
        [
          0.0,
          0.0,
          0.0,
          1.0
        ]
      ]
    },
    {
      "file_path": "./render/0048",
      "transform_matrix": [
        [
          0.7431448254773942,
          0.22885614589044834,
          0.6287770931374197,
          0.6691306063588582
        ],
        [
          0.0,
          0.9396926207859084,
          -0.3420201433256687,
          0.0
        ],
        [
          -0.6691306063588583,
          0.25417049972150746,
          0.6983277086763391,
          0.7431448254773941
        ],
        [
          0.0,
          0.0,
          0.0,
          1.0
        ]
      ]
    },
    {
      "file_path": "./render/0049",
      "transform_matrix": [
        [
          0.754709580222772,
          0.22438540312543234,
          0.616493828342348,
          0.6560590289905073
        ],
        [
          0.0,
          0.9396926207859084,
          -0.3420201433256687,
          0.0
        ],
        [
          -0.6560590289905073,
          0.25812587879704774,
          0.7091950233717694,
          0.754709580222772
        ],
        [
          0.0,
          0.0,
          0.0,
          1.0
        ]
      ]
    },
    {
      "file_path": "./render/0050",
      "transform_matrix": [
        [
          0.766044443118978,
          0.2198463103929542,
          0.6040227735550537,
          0.6427876096865394
        ],
        [
          0.0,
          0.9396926207859084,
          -0.3420201433256687,
          0.0
        ],
        [
          -0.6427876096865394,
          0.2620026302293849,
          0.7198463103929542,
          0.766044443118978
        ],
        [
          0.0,
          0.0,
          0.0,
          1.0
        ]
      ]
    },
    {
      "file_path": "./render/0051",
      "transform_matrix": [
        [
          0.7771459614569709,
          0.21524025034463135,
          0.5913677275796346,
          0.6293203910498375
        ],
        [
          0.0,
          0.9396926207859084,
          -0.3420201433256687,
          0.0
        ],
        [
          -0.6293203910498376,
          0.2657995731224778,
          0.7302783252546856,
          0.7771459614569708
        ],
        [
          0.0,
          0.0,
          0.0,
          1.0
        ]
      ]
    },
    {
      "file_path": "./render/0052",
      "transform_matrix": [
        [
          0.788010753606722,
          0.2105686260309743,
          0.5785325452656868,
          0.6156614753256583
        ],
        [
          0.0,
          0.9396926207859084,
          -0.3420201433256687,
          0.0
        ],
        [
          -0.6156614753256583,
          0.26951555089073925,
          0.7404878902641794,
          0.788010753606722
        ],
        [
          0.0,
          0.0,
          0.0,
          1.0
        ]
      ]
    },
    {
      "file_path": "./render/0053",
      "transform_matrix": [
        [
          0.7986355100472928,
          0.20583286047400423,
          0.5655211363340805,
          0.6018150231520484
        ],
        [
          0.0,
          0.9396926207859084,
          -0.3420201433256687,
          0.0
        ],
        [
          -0.6018150231520484,
          0.27314943161134364,
          0.7504718954890313,
          0.7986355100472928
        ],
        [
          0.0,
          0.0,
          0.0,
          1.0
        ]
      ]
    },
    {
      "file_path": "./render/0054",
      "transform_matrix": [
        [
          0.8090169943749475,
          0.201034396233786,
          0.5523374641860205,
          0.5877852522924731
        ],
        [
          0.0,
          0.9396926207859084,
          -0.3420201433256687,
          0.0
        ],
        [
          -0.5877852522924731,
          0.27670010836902126,
          0.760227299704533,
          0.8090169943749475
        ],
        [
          0.0,
          0.0,
          0.0,
          1.0
        ]
      ]
    },
    {
      "file_path": "./render/0055",
      "transform_matrix": [
        [
          0.8191520442889918,
          0.1961746949690111,
          0.5389855446957563,
          0.5735764363510462
        ],
        [
          0.0,
          0.9396926207859084,
          -0.3420201433256687,
          0.0
        ],
        [
          -0.5735764363510462,
          0.2801664995932355,
          0.7697511313200572,
          0.8191520442889918
        ],
        [
          0.0,
          0.0,
          0.0,
          1.0
        ]
      ]
    },
    {
      "file_path": "./render/0056",
      "transform_matrix": [
        [
          0.8290375725550417,
          0.19125523699176164,
          0.5254694449873075,
          0.5591929034707468
        ],
        [
          0.0,
          0.9396926207859084,
          -0.3420201433256687,
          0.0
        ],
        [
          -0.5591929034707468,
          0.2835475493876399,
          0.7790404892842349,
          0.8290375725550417
        ],
        [
          0.0,
          0.0,
          0.0,
          1.0
        ]
      ]
    },
    {
      "file_path": "./render/0057",
      "transform_matrix": [
        [
          0.8386705679454239,
          0.1862775208165935,
          0.5117932821955791,
          0.5446390350150272
        ],
        [
          0.0,
          0.9396926207859084,
          -0.3420201433256687,
          0.0
        ],
        [
          -0.5446390350150272,
          0.28684222785171387,
          0.7880925439686417,
          0.8386705679454239
        ],
        [
          0.0,
          0.0,
          0.0,
          1.0
        ]
      ]
    },
    {
      "file_path": "./render/0058",
      "transform_matrix": [
        [
          0.848048096156426,
          0.18124306270407364,
          0.4979612222122406,
          0.5299192642332049
        ],
        [
          0.0,
          0.9396926207859084,
          -0.3420201433256687,
          0.0
        ],
        [
          -0.5299192642332049,
          0.2900495313944813,
          0.7969045380297319,
          0.848048096156426
        ],
        [
          0.0,
          0.0,
          0.0,
          1.0
        ]
      ]
    },
    {
      "file_path": "./render/0059",
      "transform_matrix": [
        [
          0.8571673007021122,
          0.1761533961989133,
          0.48397747841675803,
          0.5150380749100544
        ],
        [
          0.0,
          0.9396926207859084,
          -0.3420201433256687,
          0.0
        ],
        [
          -0.5150380749100544,
          0.293168483040213,
          0.8054737872487506,
          0.8571673007021122
        ],
        [
          0.0,
          0.0,
          0.0,
          1.0
        ]
      ]
    },
    {
      "file_path": "./render/0060",
      "transform_matrix": [
        [
          0.8660254037844386,
          0.17101007166283438,
          0.4698463103929543,
          0.5000000000000001
        ],
        [
          0.0,
          0.9396926207859084,
          -0.3420201433256687,
          0.0
        ],
        [
          -0.5000000000000001,
          0.2961981327260238,
          0.8137976813493737,
          0.8660254037844386
        ],
        [
          0.0,
          0.0,
          0.0,
          1.0
        ]
      ]
    },
    {
      "file_path": "./render/0061",
      "transform_matrix": [
        [
          0.8746197071393957,
          0.16581465580231525,
          0.45557202263150154,
          0.4848096202463371
        ],
        [
          0.0,
          0.9396926207859084,
          -0.3420201433256687,
          0.0
        ],
        [
          -0.4848096202463371,
          0.29913755759127053,
          0.8218736847928225,
          0.8746197071393957
        ],
        [
          0.0,
          0.0,
          0.0,
          1.0
        ]
      ]
    },
    {
      "file_path": "./render/0062",
      "transform_matrix": [
        [
          0.8829475928589269,
          0.16056873119135606,
          0.44115896321872994,
          0.46947156278589086
        ],
        [
          0.0,
          0.9396926207859084,
          -0.3420201433256687,
          0.0
        ],
        [
          -0.46947156278589086,
          0.30198586225866436,
          0.8296993375502142,
          0.8829475928589269
        ],
        [
          0.0,
          0.0,
          0.0,
          1.0
        ]
      ]
    },
    {
      "file_path": "./render/0063",
      "transform_matrix": [
        [
          0.8910065241883679,
          0.15527389578941178,
          0.42661152251215906,
          0.4539904997395468
        ],
        [
          0.0,
          0.9396926207859084,
          -0.3420201433256687,
          0.0
        ],
        [
          -0.45399049973954686,
          0.3047421791070115,
          0.8372722558519103,
          0.8910065241883678
        ],
        [
          0.0,
          0.0,
          0.0,
          1.0
        ]
      ]
    },
    {
      "file_path": "./render/0064",
      "transform_matrix": [
        [
          0.898794046299167,
          0.14993176245463802,
          0.41193413180315236,
          0.43837114678907746
        ],
        [
          0.0,
          0.9396926207859084,
          -0.3420201433256687,
          0.0
        ],
        [
          -0.43837114678907746,
          0.30740566853549883,
          0.8445901329136354,
          0.898794046299167
        ],
        [
          0.0,
          0.0,
          0.0,
          1.0
        ]
      ]
    },
    {
      "file_path": "./render/0065",
      "transform_matrix": [
        [
          0.9063077870366499,
          0.144543958452599,
          0.39713126196710286,
          0.42261826174069944
        ],
        [
          0.0,
          0.9396926207859084,
          -0.3420201433256687,
          0.0
        ],
        [
          -0.42261826174069944,
          0.30997551921944466,
          0.8516507396391465,
          0.9063077870366499
        ],
        [
          0.0,
          0.0,
          0.0,
          1.0
        ]
      ]
    },
    {
      "file_path": "./render/0066",
      "transform_matrix": [
        [
          0.913545457642601,
          0.13911212496058656,
          0.3822074221015614,
          0.4067366430758002
        ],
        [
          0.0,
          0.9396926207859084,
          -0.3420201433256687,
          0.0
        ],
        [
          -0.40673664307580026,
          0.312450948357436,
          0.8584519252992379,
          0.9135454576426009
        ],
        [
          0.0,
          0.0,
          0.0,
          1.0
        ]
      ]
    },
    {
      "file_path": "./render/0067",
      "transform_matrix": [
        [
          0.9205048534524403,
          0.13363791656770174,
          0.36716715815272133,
          0.39073112848927394
        ],
        [
          0.0,
          0.9396926207859084,
          -0.3420201433256687,
          0.0
        ],
        [
          -0.39073112848927394,
          0.3148312019097773,
          0.8649916181868722,
          0.9205048534524403
        ],
        [
          0.0,
          0.0,
          0.0,
          1.0
        ]
      ]
    },
    {
      "file_path": "./render/0068",
      "transform_matrix": [
        [
          0.9271838545667874,
          0.1281230007708507,
          0.3520150515306795,
          0.37460659341591196
        ],
        [
          0.0,
          0.9396926207859084,
          -0.3420201433256687,
          0.0
        ],
        [
          -0.37460659341591196,
          0.3171155548281786,
          0.8712678262482451,
          0.9271838545667874
        ],
        [
          0.0,
          0.0,
          0.0,
          1.0
        ]
      ]
    },
    {
      "file_path": "./render/0069",
      "transform_matrix": [
        [
          0.9335804264972017,
          0.12256905746680966,
          0.3367557177138955,
          0.3583679495453004
        ],
        [
          0.0,
          0.9396926207859084,
          -0.3420201433256687,
          0.0
        ],
        [
          -0.3583679495453004,
          0.3193033112766119,
          0.8772786376895817,
          0.9335804264972017
        ],
        [
          0.0,
          0.0,
          0.0,
          1.0
        ]
      ]
    },
    {
      "file_path": "./render/0070",
      "transform_matrix": [
        [
          0.9396926207859084,
          0.11697777844051102,
          0.3213938048432698,
          0.3420201433256688
        ],
        [
          0.0,
          0.9396926207859084,
          -0.3420201433256687,
          0.0
        ],
        [
          -0.3420201433256689,
          0.3213938048432697,
          0.8830222215594891,
          0.9396926207859083
        ],
        [
          0.0,
          0.0,
          0.0,
          1.0
        ]
      ]
    },
    {
      "file_path": "./render/0071",
      "transform_matrix": [
        [
          0.9455185755993168,
          0.11135086684971023,
          0.3059339923062771,
          0.32556815445715676
        ],
        [
          0.0,
          0.9396926207859084,
          -0.3420201433256687,
          0.0
        ],
        [
          -0.3255681544571568,
          0.32338639874356045,
          0.8884968283066811,
